724
12740
12987
13290
13425
13803
14229
14553
14564
14745
14746
14756
14948
15782
16198
16208
16640
17066
17546
17728
17738
17921
17930
18347
18350
18356
18539
18548
18862
18872
19058
19064
19406
19589
19592
19598
20126
20132
20470
20474
20480
20662
20663
20666
20672
20998
21002
21008
21190
21194
21200
21283
21284
21531
21532
21536
21542
21723
21970
21974
21980
22408
22412
22418
26373
26374
26375
26376
26377
26378
26379
26380
26554
26565
26746
26757
26938
26939
26949
27141
27333
27515
27525
27707
27717
28139
28149
28331
28341
28661
28671
28853
28863
29193
29621
29631
30057
30669
31091
41956
41962
44862
44866
