724
750
1416
1800
2400
2736
2935
3457
3985
6484
6922
8629
10389
10771
10777
12115
12740
12991
13290
13429
13807
14233
14366
14553
14555
14564
14746
15343
16198
16199
16202
16208
16634
16640
17732
17738
17920
17921
17924
17930
18346
18347
18350
18356
18539
18548
18872
19058
19064
19406
19589
19592
19598
20126
20132
20474
20480
20663
20666
20672
21002
21008
21190
21194
21200
21283
21284
21531
21532
21533
21536
21542
21974
21980
22412
22418
26373
26374
26375
26376
26377
26378
26379
26380
43892
43893
43894
