0 8 9 13 14 16 20 21 22 25 30 31 34 36 44 46
1 8 9 13 14 16 20 21 22 30 31 34 36 43 44 46
2 8 9 13 14 16 20 21 22 25 30 31 34 36 44 46
3 8 9 13 14 16 20 21 22 25 30 31 34 36 44 46
4 8 9 13 14 16 20 21 22 30 31 34 36 43 44 46
5 8 9 13 14 16 20 21 22 25 30 31 34 36 44 46
6 8 9 13 14 16 20 21 22 25 30 31 34 36 44 46
7 8 9 13 14 16 20 21 22 25 30 31 34 36 44 46
8 1 3 9 13 14 16 20 21 22 30 31 34 36 44 46
9 10 11 12 13 14 15 16 17 18 19 20 21 22 24 50
10 7 8 9 13 14 16 20 21 22 30 31 34 36 44 46
11 8 9 13 14 16 20 21 22 25 30 31 34 36 44 46
12 7 8 9 13 14 16 20 21 22 30 31 34 36 44 46
13 9 12 13 14 15 16 17 18 19 20 21 30 31 36 46
14 9 12 13 14 15 16 17 18 19 20 21 23 31 36 50
15 8 9 13 14 16 20 21 22 25 30 31 34 36 44 46
16 9 12 13 14 15 16 17 18 19 20 21 31 36 46 50
17 8 9 13 14 16 20 21 22 25 30 31 34 36 44 46
18 8 9 13 14 16 20 21 22 25 30 31 34 36 44 46
19 8 9 13 14 16 20 21 22 25 30 31 34 36 44 46
20 9 12 13 14 15 16 17 18 19 20 21 31 36 46 50
21 9 11 12 13 14 15 16 17 18 19 20 21 22 24 50
22 2 9 13 14 16 17 18 19 20 21 30 31 34 36 46
23 7 8 9 13 14 16 20 21 22 30 31 34 36 44 46
24 7 8 9 13 14 16 20 21 22 30 31 34 36 44 46
25 7 8 9 13 14 16 20 21 22 30 31 34 36 44 46
26 8 9 13 14 16 20 21 22 25 30 31 34 36 44 46
27 8 9 13 14 16 20 21 22 30 31 34 36 43 44 46
28 8 9 13 14 16 20 21 22 25 30 31 34 36 44 46
29 8 9 13 14 16 20 21 22 25 30 31 34 36 44 46
30 9 12 13 14 15 16 17 18 19 20 21 31 36 46 50
31 9 12 13 14 15 16 17 18 19 20 21 22 24 36 50
32 7 8 9 13 14 16 20 21 22 30 31 34 36 44 46
33 7 8 9 13 14 16 20 21 22 30 31 34 36 44 46
34 9 12 13 14 15 16 17 18 19 20 21 30 31 36 46
35 8 9 13 14 16 20 21 22 25 30 31 34 36 44 46
36 9 11 12 13 14 15 16 17 18 19 20 21 22 24 50
37 7 8 9 13 14 16 20 21 22 30 31 34 36 44 46
38 7 8 9 13 14 16 20 21 22 30 31 34 36 44 46
39 8 9 13 14 16 20 21 22 25 30 31 34 36 44 46
40 8 9 13 14 16 20 21 22 25 30 31 34 36 44 46
41 8 9 13 14 16 20 21 22 25 30 31 34 36 44 46
42 8 9 13 14 16 20 21 22 25 30 31 34 36 44 46
43 8 9 13 14 16 20 21 22 25 30 31 34 36 44 46
44 2 9 13 14 16 18 19 20 21 22 30 31 34 36 46
45 8 9 13 14 16 20 21 22 25 30 31 34 36 44 46
46 9 12 13 14 15 16 17 18 19 20 21 23 31 36 50
47 8 9 13 14 16 20 21 22 25 30 31 34 36 44 46
48 8 9 13 14 16 20 21 22 25 30 31 34 36 44 46
49 8 9 13 14 16 20 21 22 25 30 31 34 36 44 46
50 7 8 9 13 14 16 20 21 22 30 31 34 36 44 46
