0 3 5 6 7 13 15 16 20 22 24 34 35 36 48 50
1 3 5 6 7 13 15 16 20 22 24 34 35 36 48 50
2 3 5 6 7 13 15 16 20 22 24 34 35 36 48 50
3 6 7 10 11 13 15 16 20 22 24 34 35 36 48 50
4 3 5 6 7 13 15 16 20 22 24 34 35 36 48 50
5 6 7 10 11 13 15 16 20 22 24 34 35 36 48 50
6 10 11 12 13 14 15 16 17 18 19 20 21 22 24 50
7 6 11 12 13 14 15 16 17 18 19 20 21 22 24 50
8 3 5 6 7 13 15 16 20 22 24 34 35 36 48 50
9 3 5 6 7 13 15 16 20 22 24 34 35 36 48 50
10 3 5 6 7 13 15 16 20 22 24 34 35 36 48 50
11 3 5 6 7 13 15 16 20 22 24 34 35 36 48 50
12 3 5 6 7 13 15 16 20 22 24 34 35 36 48 50
13 6 7 13 14 15 16 17 18 19 20 21 22 24 35 36
14 3 5 6 7 13 15 16 20 22 24 34 35 36 48 50
15 6 7 13 15 16 17 18 19 20 21 22 24 35 36 48
16 6 11 12 13 14 15 16 17 18 19 20 21 22 24 50
17 3 5 6 7 13 15 16 20 22 24 34 35 36 48 50
18 3 5 6 7 13 15 16 20 22 24 34 35 36 48 50
19 3 5 6 7 13 15 16 20 22 24 34 35 36 48 50
20 6 7 13 14 15 16 17 18 19 20 21 22 24 35 36
21 3 5 6 7 13 15 16 20 22 24 34 35 36 48 50
22 6 11 12 13 14 15 16 17 18 19 20 21 22 24 50
23 3 5 6 7 13 15 16 20 22 24 34 35 36 48 50
24 10 11 12 13 14 15 16 17 18 19 20 21 22 24 50
25 3 5 6 7 13 15 16 20 22 24 34 35 36 48 50
26 3 5 6 7 13 15 16 20 22 24 34 35 36 48 50
27 3 5 6 7 13 15 16 20 22 24 34 35 36 48 50
28 3 5 6 7 13 15 16 20 22 24 34 35 36 48 50
29 3 5 6 7 13 15 16 20 22 24 34 35 36 48 50
30 3 5 6 7 13 15 16 20 22 24 34 35 36 48 50
31 3 5 6 7 13 15 16 20 22 24 34 35 36 48 50
32 3 5 6 7 13 15 16 20 22 24 34 35 36 48 50
33 3 5 6 7 13 15 16 20 22 24 34 35 36 48 50
34 6 7 13 15 16 17 18 19 20 21 22 24 35 36 48
35 6 7 13 14 15 16 17 18 19 20 21 22 24 36 50
36 6 7 11 13 14 15 16 17 18 19 20 21 22 24 50
37 3 5 6 7 13 15 16 20 22 24 34 35 36 48 50
38 3 5 6 7 13 15 16 20 22 24 34 35 36 48 50
39 3 5 6 7 13 15 16 20 22 24 34 35 36 48 50
40 3 5 6 7 13 15 16 20 22 24 34 35 36 48 50
41 3 5 6 7 13 15 16 20 22 24 34 35 36 48 50
42 3 5 6 7 13 15 16 20 22 24 34 35 36 48 50
43 3 5 6 7 13 15 16 20 22 24 34 35 36 48 50
44 5 6 7 13 15 16 20 22 24 25 34 35 36 48 50
45 3 5 6 7 13 15 16 20 22 24 34 35 36 48 50
46 3 5 6 7 13 15 16 20 22 24 34 35 36 48 50
47 3 5 6 7 13 15 16 20 22 24 34 35 36 48 50
48 6 7 13 14 15 16 17 18 19 20 21 22 24 35 36
49 3 5 6 7 13 15 16 20 22 24 34 35 36 48 50
50 6 7 12 13 15 16 17 18 20 22 24 34 35 36 48
