0 7 12 13 14 15 16 17 18 19 20 21 25 26 34 47
1 0 7 10 12 14 16 17 22 25 26 34 44 47 48 50
2 0 1 7 12 14 16 20 22 25 26 34 36 47 48 50
3 0 1 7 11 12 14 16 17 22 25 26 34 47 48 50
4 0 1 2 7 12 14 16 20 22 25 26 34 47 48 50
5 0 1 3 7 12 14 16 20 22 25 26 34 47 48 50
6 0 1 3 7 11 12 14 16 22 25 26 34 47 48 50
7 11 12 13 14 15 16 17 18 19 20 21 23 25 34 47
8 0 1 2 7 12 14 16 20 22 25 26 34 47 48 50
9 0 1 2 3 7 12 14 16 22 25 26 34 47 48 50
10 0 1 3 7 12 14 16 20 22 25 26 34 47 48 50
11 0 1 3 7 11 12 14 16 22 25 26 34 47 48 50
12 11 12 13 14 15 16 17 18 19 20 21 22 24 25 47
13 0 1 3 7 11 12 14 16 22 25 26 34 47 48 50
14 11 12 13 14 15 16 17 18 19 20 21 22 24 25 47
15 0 1 3 7 11 12 14 16 22 25 26 34 47 48 50
16 11 12 13 14 15 16 17 18 19 20 21 22 24 25 47
17 0 1 3 7 12 14 16 20 22 25 26 34 47 48 50
18 0 1 7 11 12 14 16 20 22 25 26 34 47 48 50
19 0 1 7 11 12 14 16 20 22 25 26 34 47 48 50
20 0 1 7 11 12 14 16 17 22 25 26 34 47 48 50
21 0 1 2 3 7 12 14 16 22 25 26 34 47 48 50
22 7 12 13 14 15 16 17 18 19 20 21 25 26 34 47
23 0 1 3 7 11 12 14 16 22 25 26 34 47 48 50
24 0 1 7 11 12 14 16 20 22 25 26 34 47 48 50
25 11 12 13 14 15 16 17 18 19 20 21 22 24 47 50
26 7 11 12 13 14 15 16 17 18 19 20 21 25 34 47
27 0 1 2 3 7 12 14 16 22 25 26 34 47 48 50
28 0 1 3 7 11 12 14 16 22 25 26 34 47 48 50
29 0 1 7 11 12 14 16 20 22 25 26 34 47 48 50
30 0 1 2 7 12 14 16 20 22 25 26 34 47 48 50
31 0 1 3 7 12 14 16 20 22 25 26 34 47 48 50
32 0 1 2 7 12 14 16 20 22 25 26 34 47 48 50
33 0 1 3 7 11 12 14 16 22 25 26 34 47 48 50
34 11 12 13 14 15 16 17 18 19 20 21 22 24 25 47
35 0 1 7 11 12 14 16 20 22 25 26 34 47 48 50
36 0 1 2 3 7 12 14 16 22 25 26 34 47 48 50
37 0 1 7 11 12 14 16 20 22 25 26 34 47 48 50
38 0 1 7 11 12 14 16 20 22 25 26 34 47 48 50
39 0 1 3 7 12 14 16 20 22 25 26 34 47 48 50
40 0 1 2 3 7 12 14 16 22 25 26 34 47 48 50
41 0 1 2 7 11 12 14 16 22 25 26 34 47 48 50
42 0 1 3 7 11 12 14 16 22 25 26 34 47 48 50
43 0 1 7 11 12 14 16 20 22 25 26 34 47 48 50
44 0 1 3 7 12 14 16 20 22 25 26 34 47 48 50
45 0 1 2 7 12 14 16 20 22 25 26 34 47 48 50
46 0 1 2 3 7 12 14 16 22 25 26 34 47 48 50
47 10 11 12 13 14 15 16 17 18 19 20 21 22 24 50
48 0 7 10 12 14 15 16 17 22 25 26 34 41 44 47
49 0 1 7 11 12 14 16 20 22 25 26 34 47 48 50
50 0 7 10 12 14 15 16 17 22 25 26 34 41 44 47
