0 1 2 5 15 17 19 20 27 34 36 37 41 43 45 47
1 5 12 13 14 15 16 17 18 19 20 21 36 45 47 50
2 1 5 11 14 15 16 17 18 19 20 34 36 41 45 47
3 1 2 5 15 17 19 20 27 34 36 37 41 43 45 47
4 1 2 5 15 17 19 20 27 34 36 37 41 43 45 47
5 11 12 13 14 15 16 17 18 19 20 21 36 45 47 50
6 1 2 5 15 17 19 20 27 34 36 37 41 43 45 47
7 1 2 5 15 17 19 20 27 34 36 37 41 43 45 47
8 1 2 5 15 17 19 20 27 34 36 37 41 43 45 47
9 1 2 5 15 17 19 20 27 34 36 37 41 43 45 47
10 1 2 5 15 17 19 20 27 34 36 37 41 43 45 47
11 1 2 5 15 17 19 20 27 34 36 37 41 43 45 47
12 1 2 5 15 17 19 20 27 34 36 37 41 43 45 47
13 1 2 5 15 17 19 20 27 34 36 37 41 43 45 47
14 1 2 5 15 17 19 20 27 34 36 37 41 43 45 47
15 1 5 11 14 15 16 17 18 19 20 34 36 41 45 47
16 1 2 5 15 17 19 20 27 34 36 37 41 43 45 47
17 10 11 12 13 14 15 16 17 18 19 20 21 22 24 50
18 1 2 5 15 17 19 20 27 34 36 37 41 43 45 47
19 10 11 12 13 14 15 16 17 18 19 20 21 22 24 50
20 11 12 13 14 15 16 17 18 19 20 21 36 45 47 50
21 1 2 5 15 17 19 20 27 34 36 37 41 43 45 47
22 1 2 5 15 17 19 20 34 36 37 41 43 44 45 47
23 1 2 5 15 17 19 20 27 34 36 37 41 43 45 47
24 1 2 5 15 17 19 20 27 34 36 37 41 43 45 47
25 1 2 5 15 17 19 20 27 34 36 37 41 43 45 47
26 1 2 5 15 17 19 20 27 34 36 37 41 43 45 47
27 1 2 3 5 15 17 19 20 34 36 37 41 43 45 47
28 1 2 5 15 17 19 20 27 34 36 37 41 43 45 47
29 1 2 5 15 17 19 20 27 34 36 37 41 43 45 47
30 1 2 6 11 13 20 26 34 36 37 38 41 44 45 47
31 1 2 5 15 17 19 20 27 34 36 37 41 43 45 47
32 1 2 5 15 17 19 20 27 34 36 37 41 43 45 47
33 1 2 5 15 17 19 20 27 34 36 37 41 43 45 47
34 1 5 12 14 15 16 17 18 19 20 21 36 45 47 50
35 1 2 5 15 17 19 20 27 34 36 37 41 43 45 47
36 10 11 12 13 14 15 16 17 18 19 20 21 22 24 50
37 1 5 11 14 15 16 17 18 19 20 34 36 41 45 47
38 1 2 5 15 17 19 20 27 34 36 37 41 43 45 47
39 1 2 5 15 17 19 20 27 34 36 37 41 43 45 47
40 1 2 5 15 17 19 20 27 34 36 37 41 43 45 47
41 1 5 13 14 15 16 17 18 19 20 34 36 45 47 50
42 1 2 5 15 17 19 20 27 34 36 37 41 43 45 47
43 1 2 3 5 12 15 17 19 20 34 36 37 41 45 47
44 1 2 5 15 17 19 20 27 34 36 37 41 43 45 47
45 11 12 13 14 15 16 17 18 19 20 21 22 24 36 50
46 1 2 5 15 17 19 20 27 34 36 37 41 43 45 47
47 11 12 13 14 15 16 17 18 19 20 21 23 36 45 50
48 1 2 5 15 17 19 20 27 34 36 37 41 43 45 47
49 1 2 5 15 17 19 20 27 34 36 37 41 43 45 47
50 1 2 5 15 17 19 20 27 34 36 37 41 43 45 47
