0 2 11 17 23 31 40 46 52 58 61 62 63 67 70 72 76 78 79 82 87 88 93 96 103 107 108 109 112 121 122
1 2 11 17 23 31 40 46 52 58 61 62 63 67 70 72 76 78 79 82 87 88 93 96 103 107 108 109 112 121 122
2 31 33 34 35 36 37 38 39 40 41 42 43 44 45 46 47 48 49 50 51 52 53 54 55 56 57 70 79 108 126
3 2 11 17 23 31 40 46 52 58 61 62 63 67 70 72 76 78 79 82 87 88 93 96 103 107 108 109 112 121 122
4 2 11 17 23 31 40 52 58 61 62 63 69 70 72 76 78 79 82 87 88 92 93 96 103 107 108 109 112 121 122
5 2 11 17 23 31 40 46 52 58 61 62 63 67 70 72 76 78 79 82 87 88 93 96 103 107 108 109 112 121 122
6 2 11 17 23 31 40 46 52 58 61 62 63 67 70 72 76 78 79 82 87 88 93 96 103 107 108 109 112 121 122
7 2 11 17 23 31 40 46 52 58 61 62 63 67 70 72 76 78 79 82 87 88 93 96 103 107 108 109 112 121 122
8 2 11 17 23 31 40 46 52 58 61 62 63 67 70 72 76 78 79 82 87 88 93 96 103 107 108 109 112 121 122
9 2 11 17 23 31 40 52 58 61 62 63 67 70 72 76 78 79 82 87 88 92 93 96 103 107 108 109 112 121 122
10 2 11 17 23 31 40 46 52 58 61 62 63 67 70 72 76 78 79 82 87 88 93 96 103 107 108 109 112 121 122
11 2 16 17 23 31 36 37 38 40 43 52 58 62 63 70 72 76 78 79 87 88 93 96 103 107 108 109 112 121 122
12 2 11 17 23 31 40 46 52 58 61 62 63 67 70 72 76 78 79 82 87 88 93 96 103 107 108 109 112 121 122
13 2 11 17 23 31 40 46 52 58 61 62 63 67 70 72 76 78 79 82 87 88 93 96 103 107 108 109 112 121 122
14 2 11 17 23 31 40 46 52 58 61 62 63 67 70 72 76 78 79 82 87 88 93 96 103 107 108 109 112 121 122
15 2 11 17 23 31 40 46 52 58 61 62 63 67 70 72 76 78 79 82 87 88 93 96 103 107 108 109 112 121 122
16 2 11 17 23 31 40 46 52 58 61 62 63 67 70 72 76 78 79 82 87 88 93 96 103 107 108 109 112 121 122
17 2 32 34 35 36 37 38 39 40 41 42 43 44 45 46 47 48 49 50 51 52 53 54 55 56 57 70 79 108 126
18 2 11 17 23 31 40 46 52 58 61 62 63 67 70 72 76 78 79 82 87 88 93 96 103 107 108 109 112 121 122
19 2 11 17 23 31 40 46 52 58 61 62 63 67 70 72 76 78 79 82 87 88 93 96 103 107 108 109 112 121 122
20 2 11 17 23 31 40 46 52 58 61 62 63 67 70 72 76 78 79 82 87 88 93 96 103 107 108 109 112 121 122
21 2 11 17 23 31 40 46 52 58 61 62 63 67 70 72 76 78 79 82 87 88 93 96 103 107 108 109 112 121 122
22 2 11 17 23 31 40 46 52 58 61 62 63 67 70 72 76 78 79 82 87 88 93 96 103 107 108 109 112 121 122
23 2 17 31 32 33 34 35 36 37 38 39 40 45 46 51 52 53 54 62 70 78 79 87 88 93 103 107 108 112 122
24 2 11 17 23 31 40 46 52 58 61 62 63 67 70 72 76 78 79 82 87 88 93 96 103 107 108 109 112 121 122
25 2 11 17 23 31 40 46 52 58 61 62 63 67 70 72 76 78 79 82 87 88 93 96 103 107 108 109 112 121 122
26 2 11 17 23 31 40 46 52 58 61 62 63 67 70 72 76 78 79 82 87 88 93 96 103 107 108 109 112 121 122
27 2 11 17 23 31 40 46 52 58 61 62 63 67 70 72 76 78 79 82 87 88 93 96 103 107 108 109 112 121 122
28 2 11 17 23 31 40 46 52 58 61 62 63 67 70 72 76 78 79 82 87 88 93 96 103 107 108 109 112 121 122
29 2 11 17 23 31 40 46 52 58 61 62 63 67 70 72 76 78 79 82 87 88 93 96 103 107 108 109 112 121 122
30 2 11 17 23 31 40 46 52 58 61 62 63 67 70 72 76 78 79 82 87 88 93 96 103 107 108 109 112 121 122
31 2 17 33 34 35 36 37 38 39 40 41 42 43 44 45 46 47 48 49 50 70 78 79 88 93 103 108 112 122 126
32 2 11 17 23 31 40 46 52 58 61 62 63 67 70 72 76 78 79 82 87 88 93 96 103 107 108 109 112 121 122
33 2 11 17 23 31 40 46 52 58 61 62 63 67 70 72 76 78 79 82 87 88 93 96 103 107 108 109 112 121 122
34 2 11 17 23 31 40 46 52 58 61 62 63 67 70 72 76 78 79 82 87 88 93 96 103 107 108 109 112 121 122
35 2 11 17 23 31 40 46 52 58 61 62 63 67 70 72 76 78 79 82 87 88 93 96 103 107 108 109 112 121 122
36 2 11 17 23 31 40 46 52 58 61 62 63 67 70 72 76 78 79 82 87 88 93 96 103 107 108 109 112 121 122
37 2 11 17 23 31 40 46 52 58 61 62 63 67 70 72 76 78 79 82 87 88 93 96 103 107 108 109 112 121 122
38 2 11 17 23 31 40 46 52 58 61 62 63 67 70 72 76 78 79 82 87 88 93 96 103 107 108 109 112 121 122
39 2 11 17 23 31 40 46 52 58 61 62 63 67 70 72 76 78 79 82 87 88 93 96 103 107 108 109 112 121 122
40 2 17 32 34 35 36 37 38 39 40 41 42 43 44 45 46 47 48 49 50 51 52 53 54 55 70 79 88 108 126
41 2 11 17 23 31 40 46 52 58 61 62 63 67 70 72 76 78 79 82 87 88 93 96 103 107 108 109 112 121 122
42 2 11 17 23 31 40 46 52 58 61 62 63 67 70 72 76 78 79 82 87 88 93 96 103 107 108 109 112 121 122
43 2 11 17 23 31 40 46 52 58 61 62 63 67 70 72 76 78 79 82 87 88 93 96 103 107 108 109 112 121 122
44 2 11 17 23 31 40 52 58 61 62 63 67 70 72 76 78 79 82 87 88 93 96 103 107 108 109 111 112 121 122
45 2 11 17 23 31 40 46 52 58 61 62 63 67 70 72 76 78 79 82 87 88 93 96 103 107 108 109 112 121 122
46 2 11 17 23 31 40 50 52 58 61 62 63 67 70 72 76 78 79 82 87 88 93 96 103 107 108 109 112 121 122
47 2 11 17 23 31 40 46 52 58 61 62 63 67 70 72 76 78 79 82 87 88 93 96 103 107 108 109 112 121 122
48 2 11 17 23 31 40 46 52 58 61 62 63 67 70 72 76 78 79 82 87 88 93 96 103 107 108 109 112 121 122
49 2 11 17 23 31 40 46 52 58 61 62 63 67 70 72 76 78 79 82 87 88 93 96 103 107 108 109 112 121 122
50 2 11 17 23 31 40 46 52 58 61 62 63 67 70 72 76 78 79 82 87 88 93 96 103 107 108 109 112 121 122
51 2 11 17 23 31 40 46 52 58 61 62 63 67 70 72 76 78 79 82 87 88 93 96 103 107 108 109 112 121 122
52 2 17 23 31 33 34 35 36 37 38 39 40 47 52 53 58 62 70 76 78 79 87 88 93 103 107 108 112 121 122
53 2 11 17 23 31 40 46 52 58 61 62 63 67 70 72 76 78 79 82 87 88 93 96 103 107 108 109 112 121 122
54 2 11 17 23 31 40 46 52 58 61 62 63 67 70 72 76 78 79 82 87 88 93 96 103 107 108 109 112 121 122
55 2 11 17 23 31 40 46 52 58 61 62 63 67 70 72 76 78 79 82 87 88 93 96 103 107 108 109 112 121 122
56 2 11 17 23 31 40 46 52 58 61 62 63 67 70 72 76 78 79 82 87 88 93 96 103 107 108 109 112 121 122
57 2 11 17 23 31 40 46 52 58 61 62 63 67 70 72 76 78 79 82 87 88 93 96 103 107 108 109 112 121 122
58 2 17 23 31 33 34 35 36 37 38 39 40 41 42 43 44 62 70 78 79 87 88 93 103 107 108 112 121 122 126
59 2 11 17 23 31 40 46 52 58 61 62 63 67 70 72 76 78 79 82 87 88 93 96 103 107 108 109 112 121 122
60 2 11 17 23 31 40 46 52 58 61 62 63 67 70 72 76 78 79 82 87 88 93 96 103 107 108 109 112 121 122
61 2 11 16 17 23 31 36 40 42 52 58 62 63 70 72 76 78 79 82 87 88 93 96 103 107 108 109 112 121 122
62 2 17 31 32 33 34 35 36 37 38 39 40 45 46 51 52 53 54 55 70 78 79 87 88 93 103 107 108 112 122
63 2 17 23 31 33 34 35 36 37 40 41 52 58 62 70 72 76 78 79 87 88 93 96 103 107 108 109 112 121 122
64 2 11 17 23 31 40 46 52 58 61 62 63 67 70 72 76 78 79 82 87 88 93 96 103 107 108 109 112 121 122
65 2 11 17 23 31 40 46 52 58 61 62 63 67 70 72 76 78 79 82 87 88 93 96 103 107 108 109 112 121 122
66 2 11 17 23 31 40 46 52 58 61 62 63 67 70 72 76 78 79 82 87 88 93 96 103 107 108 109 112 121 122
67 2 11 17 23 31 38 39 40 52 58 61 62 63 70 72 76 78 79 82 87 88 93 96 103 107 108 109 112 121 122
68 2 11 17 23 31 40 46 52 58 61 62 63 67 70 72 76 78 79 82 87 88 93 96 103 107 108 109 112 121 122
69 2 11 17 23 31 40 46 52 58 61 62 63 67 70 72 76 78 79 82 87 88 93 96 103 107 108 109 112 121 122
70 31 33 34 35 36 37 38 39 40 41 42 43 44 45 46 47 48 49 50 51 52 53 54 55 56 57 58 79 108 126
71 2 11 17 23 31 40 46 52 58 61 62 63 67 70 72 76 78 79 82 87 88 93 96 103 107 108 109 112 121 122
72 2 17 23 31 33 34 35 36 37 38 39 40 47 52 53 58 62 70 76 78 79 87 88 93 103 107 108 112 121 122
73 2 11 17 23 31 40 46 52 58 61 62 63 67 70 72 76 78 79 82 87 88 93 96 103 107 108 109 112 121 122
74 2 11 17 23 31 40 46 52 58 61 62 63 67 70 72 76 78 79 82 87 88 93 96 103 107 108 109 112 121 122
75 2 11 17 23 31 40 46 52 58 61 62 63 67 70 72 76 78 79 82 87 88 93 96 103 107 108 109 112 121 122
76 2 17 23 31 33 34 35 36 37 38 39 40 41 42 43 58 62 70 78 79 87 88 93 103 107 108 112 121 122 126
77 2 11 17 23 31 40 46 52 58 61 62 63 67 70 72 76 78 79 82 87 88 93 96 103 107 108 109 112 121 122
78 2 17 32 34 35 36 37 38 39 40 41 42 43 44 45 46 47 48 49 50 51 52 53 54 55 70 79 88 108 126
79 31 33 34 35 36 37 38 39 40 41 42 43 44 45 46 47 48 49 50 51 52 53 54 55 56 57 58 59 60 126
80 2 11 17 23 31 40 46 52 58 61 62 63 67 70 72 76 78 79 82 87 88 93 96 103 107 108 109 112 121 122
81 2 11 17 23 31 40 46 52 58 62 63 67 70 72 76 78 79 82 87 88 93 96 103 107 108 109 111 112 121 122
82 2 11 16 17 23 31 35 36 37 40 52 58 62 63 70 72 76 78 79 87 88 93 96 103 107 108 109 112 121 122
83 2 11 17 23 31 40 46 52 58 61 62 63 67 70 72 76 78 79 82 87 88 93 96 103 107 108 109 112 121 122
84 2 11 17 23 31 40 46 52 58 61 62 63 67 70 72 76 78 79 82 87 88 93 96 103 107 108 109 112 121 122
85 2 11 17 23 31 40 46 52 58 61 62 63 67 70 72 76 78 79 82 87 88 93 96 103 107 108 109 112 121 122
86 2 11 17 23 31 40 46 52 58 61 62 63 67 70 72 76 78 79 82 87 88 93 96 103 107 108 109 112 121 122
87 2 17 31 32 33 34 35 36 37 38 39 40 41 42 43 45 46 47 48 49 70 78 79 88 93 103 108 112 122 126
88 2 17 32 34 35 36 37 38 39 40 41 42 43 44 45 46 47 48 49 50 51 52 53 54 55 56 70 79 108 126
89 2 11 17 23 31 40 52 58 61 62 63 67 70 72 76 78 79 82 87 88 92 93 96 103 107 108 109 112 121 122
90 2 11 17 23 31 40 46 52 58 61 62 63 67 70 72 76 78 79 82 87 88 93 96 103 107 108 109 112 121 122
91 2 11 17 23 31 40 46 52 58 61 62 63 67 70 72 76 78 79 82 87 88 93 96 103 107 108 109 112 121 122
92 2 11 17 23 31 40 46 52 58 61 62 63 67 70 72 76 78 79 82 87 88 93 96 103 107 108 109 112 121 122
93 2 17 33 35 36 37 38 39 40 41 42 43 44 45 46 47 48 49 50 51 52 53 54 55 70 78 79 88 108 126
94 2 11 17 23 31 40 46 52 58 61 62 63 67 70 72 76 78 79 82 87 88 93 96 103 107 108 109 112 121 122
95 2 11 17 23 31 40 46 52 58 61 62 63 67 70 72 76 78 79 82 87 88 93 96 103 107 108 109 112 121 122
96 2 17 23 31 33 34 35 36 37 39 40 46 51 52 58 62 70 72 76 78 79 87 88 93 103 107 108 112 121 122
97 2 11 17 23 31 40 46 52 58 61 62 63 67 70 72 76 78 79 82 87 88 93 96 103 107 108 109 112 121 122
98 2 11 17 23 31 40 46 52 58 61 62 63 67 70 72 76 78 79 82 87 88 93 96 103 107 108 109 112 121 122
99 2 11 17 23 31 40 46 52 58 61 62 63 67 70 72 76 78 79 82 87 88 93 96 103 107 108 109 112 121 122
100 2 11 17 23 31 40 46 52 58 61 62 63 67 70 72 76 78 79 82 87 88 93 96 103 107 108 109 112 121 122
101 2 11 17 23 31 40 46 52 58 61 62 63 67 70 72 76 78 79 82 87 88 93 96 103 107 108 109 112 121 122
102 2 11 17 23 31 40 46 52 58 61 62 63 67 70 72 76 78 79 82 87 88 93 96 103 107 108 109 112 121 122
103 2 17 32 34 35 36 37 38 39 40 41 42 43 44 45 46 47 48 49 50 51 52 53 70 78 79 88 93 108 112
104 2 11 17 23 31 40 46 52 58 61 62 63 67 70 72 76 78 79 82 87 88 93 96 103 107 108 109 112 121 122
105 2 11 17 23 31 40 46 52 58 61 62 63 67 70 72 76 78 79 82 87 88 93 96 103 107 108 109 112 121 122
106 2 11 17 23 31 40 46 52 58 61 62 63 67 70 72 76 78 79 82 87 88 93 96 103 107 108 109 112 121 122
107 2 17 31 32 33 34 35 36 37 38 39 40 41 42 44 45 46 47 48 70 78 79 87 88 93 103 108 112 122 126
108 31 33 34 35 36 37 38 39 40 41 42 43 44 45 46 47 48 49 50 51 52 53 54 55 56 57 58 59 60 126
109 2 17 23 31 33 34 35 36 37 39 40 46 51 52 58 62 70 72 76 78 79 87 88 93 103 107 108 112 121 122
110 2 11 17 23 31 40 46 52 58 61 62 63 67 70 72 76 78 79 82 87 88 93 96 103 107 108 109 112 121 122
111 2 11 17 23 31 40 46 52 58 61 62 63 67 70 72 76 78 79 82 87 88 93 96 103 107 108 109 112 121 122
112 2 17 32 34 35 36 37 38 39 40 41 42 43 44 45 46 47 48 49 50 51 52 53 54 70 78 79 88 93 108
113 2 11 17 23 31 40 46 52 58 61 62 63 67 70 72 76 78 79 82 87 88 93 96 103 107 108 109 112 121 122
114 2 11 17 23 31 40 46 52 58 61 62 63 67 70 72 76 78 79 82 87 88 93 96 103 107 108 109 112 121 122
115 2 11 17 23 31 40 46 52 58 61 62 63 67 70 72 76 78 79 82 87 88 93 96 103 107 108 109 112 121 122
116 2 11 17 23 31 40 46 52 58 61 62 63 67 70 72 76 78 79 82 87 88 93 96 103 107 108 109 112 121 122
117 2 11 17 23 31 40 46 52 58 61 62 63 67 70 72 76 78 79 82 87 88 93 96 103 107 108 109 112 121 122
118 2 11 17 23 31 40 46 52 58 61 62 63 67 70 72 76 78 79 82 87 88 93 96 103 107 108 109 112 121 122
119 2 11 17 23 31 40 52 58 61 62 63 67 70 72 76 78 79 82 87 88 92 93 96 103 107 108 109 112 121 122
120 2 11 17 23 31 40 46 52 58 61 62 63 67 70 72 76 78 79 82 87 88 93 96 103 107 108 109 112 121 122
121 2 17 31 32 33 34 35 36 37 38 39 40 45 46 51 52 53 54 62 70 78 79 87 88 93 103 107 108 112 122
122 2 17 31 33 34 35 36 37 38 39 40 41 42 43 44 49 50 52 53 54 55 56 70 78 79 88 93 103 108 112
123 2 11 17 23 31 40 46 52 58 61 62 63 67 70 72 76 78 79 82 87 88 93 96 103 107 108 109 112 121 122
124 2 11 17 23 31 40 46 52 58 61 62 63 67 70 72 76 78 79 82 87 88 93 96 103 107 108 109 112 121 122
125 2 11 17 23 31 40 46 52 58 61 62 63 67 70 72 76 78 79 82 87 88 93 96 103 107 108 109 112 121 122
126 2 11 17 23 31 40 46 52 58 61 62 63 67 70 72 76 78 79 82 87 88 93 96 103 107 108 109 112 121 122
