0 5 10 11 14 17 19 20 26 31 32 34 35 36 42 45 46 57 72 74 75 77 82 87 105 110 112 113 114 116 125
1 5 10 11 14 17 19 20 26 31 32 34 35 36 42 45 46 57 72 74 75 77 82 87 105 110 112 113 114 116 125
2 5 10 11 14 17 19 20 26 31 32 34 35 36 42 45 46 57 72 74 75 77 82 87 105 110 112 113 114 116 125
3 5 10 11 14 17 19 20 26 31 32 34 35 36 42 45 46 57 72 74 75 77 82 87 105 110 112 113 114 116 125
4 5 10 11 14 17 19 20 26 31 32 34 35 36 42 45 46 57 72 74 75 77 82 87 105 110 112 113 114 116 125
5 10 14 17 19 20 26 31 32 34 35 36 41 42 45 46 47 57 72 74 75 77 82 87 105 110 112 113 114 116 125
6 5 10 11 14 17 19 20 26 31 32 34 35 36 42 45 46 57 72 74 75 77 82 87 105 110 112 113 114 116 125
7 5 10 11 14 17 19 20 26 31 32 34 35 36 42 45 46 57 72 74 75 77 82 87 105 110 112 113 114 116 125
8 5 10 11 14 17 19 20 26 31 32 34 35 36 42 45 46 57 72 74 75 77 82 87 105 110 112 113 114 116 125
9 5 10 11 14 17 19 20 26 31 32 34 35 36 42 45 46 57 72 74 75 77 82 87 105 110 112 113 114 116 125
10 14 17 20 26 32 34 35 36 37 38 39 40 41 42 43 50 51 54 55 74 75 77 82 87 110 112 113 114 116 125
11 10 14 17 19 20 26 31 32 34 35 36 41 42 45 46 47 57 72 74 75 77 82 87 105 110 112 113 114 116 125
12 5 10 11 14 17 19 20 26 31 32 34 35 36 42 45 46 57 72 74 75 77 82 87 105 110 112 113 114 116 125
13 5 10 11 14 17 19 20 26 31 32 34 35 36 42 45 46 57 72 74 75 77 82 87 105 110 112 113 114 116 125
14 31 32 33 34 35 36 37 38 39 40 41 42 43 44 45 47 48 49 50 51 52 53 54 55 82 87 110 112 113 126
15 5 10 11 14 17 19 20 26 31 32 34 35 36 42 45 46 57 72 74 75 77 82 87 105 110 112 113 114 116 125
16 5 10 11 14 17 19 20 26 31 32 34 35 36 42 45 46 57 72 74 75 77 82 87 105 110 112 113 114 116 125
17 14 31 32 33 34 35 36 37 38 39 40 41 42 43 44 45 47 48 49 50 51 52 53 54 82 87 110 112 113 126
18 5 10 11 14 17 19 20 26 31 32 34 35 36 42 45 46 57 72 74 75 77 82 87 105 110 112 113 114 116 125
19 14 17 20 26 32 34 35 36 37 38 39 40 41 42 43 50 51 54 55 74 75 77 82 87 110 112 113 114 116 125
20 14 17 32 34 35 36 37 38 39 40 41 42 43 44 45 46 47 48 49 50 51 52 53 75 82 87 110 112 113 126
21 5 10 11 14 17 19 20 26 31 32 34 35 36 42 45 46 57 72 74 75 77 82 87 105 110 112 113 114 116 125
22 5 10 11 14 17 19 20 26 31 32 34 35 36 42 45 46 57 72 74 75 77 82 87 105 110 112 113 114 116 125
23 5 10 11 14 17 19 20 26 31 32 34 35 36 42 45 46 57 72 74 75 77 82 87 105 110 112 113 114 116 125
24 10 11 14 17 19 20 26 31 32 34 35 36 42 45 46 57 72 74 75 77 82 87 105 106 110 112 113 114 116 125
25 10 11 14 17 19 20 26 31 32 34 35 36 42 45 46 57 72 74 75 77 82 87 105 106 110 112 113 114 116 125
26 14 17 20 32 33 34 35 36 37 38 39 40 41 42 43 44 50 51 54 55 74 75 77 82 87 110 112 113 116 125
27 5 10 11 14 17 19 20 26 31 32 34 35 36 42 45 46 57 72 74 75 77 82 87 105 110 112 113 114 116 125
28 5 10 11 14 17 19 20 26 31 32 34 35 36 42 45 46 57 72 74 75 77 82 87 105 110 112 113 114 116 125
29 5 10 14 17 19 20 26 31 32 34 35 36 42 45 46 57 72 74 75 77 82 87 105 106 110 112 113 114 116 125
30 5 10 11 14 17 19 20 26 31 32 34 35 36 42 45 46 57 72 74 75 77 82 87 105 110 112 113 114 116 125
31 10 14 17 19 20 26 32 34 35 36 37 38 39 40 51 52 53 54 72 74 75 77 82 87 110 112 113 114 116 125
32 31 33 34 35 36 37 38 39 40 41 42 43 44 45 46 47 48 49 50 51 52 53 54 55 56 57 58 59 60 126
33 5 10 11 14 17 19 20 26 31 32 34 35 36 42 45 46 57 72 74 75 77 82 87 105 110 112 113 114 116 125
34 10 14 17 19 20 26 32 35 36 37 38 39 40 50 51 52 53 54 55 74 75 77 82 87 110 112 113 114 116 125
35 14 17 20 26 32 34 35 36 37 38 39 40 41 42 43 45 46 47 48 49 74 75 77 82 87 110 112 113 125 126
36 10 14 17 19 20 26 31 32 34 35 39 42 46 51 52 53 54 72 74 75 77 82 87 105 110 112 113 114 116 125
37 5 10 11 14 17 19 20 26 31 32 34 35 36 42 45 46 57 72 74 75 77 82 87 105 110 112 113 114 116 125
38 5 10 11 14 17 19 20 26 31 32 34 35 36 42 45 46 57 72 74 75 77 82 87 105 110 112 113 114 116 125
39 5 10 11 14 17 19 20 26 31 32 34 35 36 42 45 46 57 72 74 75 77 82 87 105 110 112 113 114 116 125
40 5 10 11 14 17 19 20 26 31 32 34 35 36 42 45 46 57 72 74 75 77 82 87 105 110 112 113 114 116 125
41 5 10 11 14 17 19 20 26 31 32 34 35 36 42 45 46 57 72 74 75 77 82 87 105 110 112 113 114 116 125
42 10 14 17 19 20 26 31 32 34 35 39 42 46 51 52 53 54 72 74 75 77 82 87 105 110 112 113 114 116 125
43 5 10 11 14 17 19 20 26 31 32 34 35 36 42 45 46 57 72 74 75 77 82 87 105 110 112 113 114 116 125
44 5 10 11 14 17 19 20 26 31 32 34 35 36 42 45 46 57 72 74 75 77 82 87 105 110 112 113 114 116 125
45 10 14 17 19 20 26 31 32 34 35 39 42 46 51 52 53 54 72 74 75 77 82 87 105 110 112 113 114 116 125
46 10 14 17 19 20 26 31 32 34 35 36 37 38 39 40 41 42 72 74 75 77 82 87 110 112 113 114 116 125 126
47 5 10 11 14 17 19 20 26 31 32 34 35 36 42 45 46 57 72 74 75 77 82 87 105 110 112 113 114 116 125
48 5 10 11 14 17 19 20 26 31 32 34 35 36 42 45 46 57 72 74 75 77 82 87 105 110 112 113 114 116 125
49 5 10 11 14 17 19 20 26 31 32 34 35 36 42 45 46 57 72 74 75 77 82 87 105 110 112 113 114 116 125
50 5 10 11 14 17 19 20 26 31 32 34 35 36 42 45 46 57 72 74 75 77 82 87 105 110 112 113 114 116 125
51 5 10 11 14 17 19 20 26 31 32 34 35 36 42 45 46 57 72 74 75 77 82 87 105 110 112 113 114 116 125
52 5 10 11 14 17 19 20 26 31 32 34 35 36 42 45 46 57 72 74 75 77 82 87 105 110 112 113 114 116 125
53 5 10 11 14 17 19 20 26 31 32 34 35 36 42 45 46 57 72 74 75 77 82 87 105 110 112 113 114 116 125
54 5 10 11 14 17 19 20 26 31 32 34 35 36 42 45 46 57 72 74 75 77 82 87 105 110 112 113 114 116 125
55 5 10 14 17 19 20 26 31 32 34 35 36 42 45 46 57 72 74 75 77 82 87 105 106 110 112 113 114 116 125
56 5 10 11 14 17 19 20 26 31 32 34 35 36 42 45 46 57 72 74 75 77 82 87 105 110 112 113 114 116 125
57 10 14 17 19 20 26 31 32 34 35 36 39 42 45 46 53 54 72 74 75 77 82 87 105 110 112 113 114 116 125
58 10 11 14 17 19 20 26 31 32 34 35 36 42 45 46 57 72 74 75 77 82 87 105 106 110 112 113 114 116 125
59 10 11 14 17 19 20 26 31 32 34 35 36 42 45 46 57 72 74 75 77 82 87 105 106 110 112 113 114 116 125
60 5 10 11 14 17 19 20 26 31 32 34 35 36 42 45 46 57 72 74 75 77 82 87 105 110 112 113 114 116 125
61 5 10 11 14 17 19 20 26 31 32 34 35 36 42 45 46 57 72 74 75 77 82 87 105 110 112 113 114 116 125
62 5 10 11 14 17 19 20 26 31 32 34 35 36 42 45 46 57 72 74 75 77 82 87 105 110 112 113 114 116 125
63 5 10 11 14 17 19 20 26 31 32 34 35 36 42 45 46 57 72 74 75 77 82 87 105 110 112 113 114 116 125
64 10 11 14 17 19 20 26 31 32 34 35 36 42 45 46 57 72 74 75 77 82 87 105 106 110 112 113 114 116 125
65 5 10 11 14 17 19 20 26 31 32 34 35 36 42 45 46 57 72 74 75 77 82 87 105 110 112 113 114 116 125
66 5 10 11 14 17 19 20 26 31 32 34 35 36 42 45 46 57 72 74 75 77 82 87 105 110 112 113 114 116 125
67 5 10 11 14 17 19 20 26 31 32 34 35 36 42 45 46 57 72 74 75 77 82 87 105 110 112 113 114 116 125
68 5 10 11 14 17 19 20 26 31 32 34 35 36 42 45 46 57 72 74 75 77 82 87 105 110 112 113 114 116 125
69 5 10 11 14 17 19 20 26 31 32 34 35 36 42 45 46 57 72 74 75 77 82 87 105 110 112 113 114 116 125
70 5 10 11 14 17 19 20 26 31 32 34 35 36 42 45 46 57 72 74 75 77 82 87 105 110 112 113 114 116 125
71 5 10 11 14 17 19 20 26 31 32 34 35 36 42 45 46 57 72 74 75 77 82 87 105 110 112 113 114 116 125
72 10 14 17 19 20 26 32 35 36 37 38 39 40 50 51 52 53 54 55 74 75 77 82 87 110 112 113 114 116 125
73 5 10 11 14 17 19 20 26 31 32 34 35 36 42 45 46 57 72 74 75 77 82 87 105 110 112 113 114 116 125
74 14 17 20 32 33 34 35 36 37 38 39 40 41 42 43 44 45 46 51 52 55 56 57 75 77 82 87 110 112 113
75 14 17 32 34 35 36 37 38 39 40 41 42 43 44 45 46 47 48 49 50 51 52 53 54 82 87 110 112 113 126
76 5 10 11 14 17 19 20 26 31 32 34 35 36 42 45 46 57 72 74 75 77 82 87 105 110 112 113 114 116 125
77 14 17 20 32 34 35 36 37 38 39 40 41 42 43 44 45 46 47 48 49 50 51 52 75 82 87 110 112 113 126
78 5 10 14 17 19 20 26 31 32 34 35 36 42 45 46 57 72 74 75 77 82 87 105 106 110 112 113 114 116 125
79 5 10 14 17 19 20 26 31 32 34 35 36 42 45 46 57 72 74 75 77 82 87 105 106 110 112 113 114 116 125
80 5 10 11 14 17 19 20 26 31 32 34 35 36 42 45 46 57 72 74 75 77 82 87 105 110 112 113 114 116 125
81 5 10 11 14 17 19 20 26 31 32 34 35 36 42 45 46 57 72 74 75 77 82 87 105 110 112 113 114 116 125
82 31 32 33 34 35 36 37 38 39 40 41 42 43 44 45 46 47 48 49 50 51 52 53 54 55 56 57 59 60 110
83 10 11 14 17 19 20 26 31 32 34 35 36 42 45 46 57 72 74 75 77 82 87 105 106 110 112 113 114 116 125
84 10 11 14 17 19 20 26 31 32 34 35 36 42 45 46 57 72 74 75 77 82 87 105 106 110 112 113 114 116 125
85 5 10 11 14 17 19 20 26 31 32 34 35 36 42 45 46 57 72 74 75 77 82 87 105 110 112 113 114 116 125
86 5 10 11 14 17 19 20 26 31 32 34 35 36 42 45 46 57 72 74 75 77 82 87 105 110 112 113 114 116 125
87 30 32 33 34 35 36 37 38 39 40 41 42 43 44 45 46 47 48 49 50 51 52 53 54 55 82 110 112 113 126
88 10 11 14 17 19 20 26 31 32 34 35 36 42 45 46 57 72 74 75 77 82 87 105 106 110 112 113 114 116 125
89 10 11 14 17 19 20 26 31 32 34 35 36 42 45 46 57 72 74 75 77 82 87 105 106 110 112 113 114 116 125
90 5 10 11 14 17 19 20 26 31 32 34 35 36 42 45 46 57 72 74 75 77 82 87 105 110 112 113 114 116 125
91 5 10 11 14 17 19 20 26 31 32 34 35 36 42 45 46 57 72 74 75 77 82 87 105 110 112 113 114 116 125
92 10 11 14 17 19 20 26 31 32 34 35 36 42 45 46 57 72 74 75 77 82 87 105 106 110 112 113 114 116 125
93 10 11 14 17 19 20 26 31 32 34 35 36 42 45 46 57 72 74 75 77 82 87 105 106 110 112 113 114 116 125
94 5 10 11 14 17 19 20 26 31 32 34 35 36 42 45 46 57 72 74 75 77 82 87 105 110 112 113 114 116 125
95 5 10 11 14 17 19 20 26 31 32 34 35 36 42 45 46 57 72 74 75 77 82 87 105 110 112 113 114 116 125
96 10 11 14 17 19 20 26 31 32 34 35 36 42 45 46 57 72 74 75 77 82 87 105 106 110 112 113 114 116 125
97 5 10 11 14 17 19 20 26 31 32 34 35 36 42 45 46 57 72 74 75 77 82 87 105 110 112 113 114 116 125
98 10 11 14 17 19 20 26 31 32 34 35 36 42 45 46 57 72 74 75 77 82 87 105 106 110 112 113 114 116 125
99 5 10 11 14 17 19 20 26 31 32 34 35 36 42 45 46 57 72 74 75 77 82 87 105 110 112 113 114 116 125
100 5 10 11 14 17 19 20 26 31 32 34 35 36 42 45 46 57 72 74 75 77 82 87 105 110 112 113 114 116 125
101 5 10 11 14 17 19 20 26 31 32 34 35 36 42 45 46 57 72 74 75 77 82 87 105 110 112 113 114 116 125
102 5 10 11 14 17 19 20 26 31 32 34 35 36 42 45 46 57 72 74 75 77 82 87 105 110 112 113 114 116 125
103 5 10 11 14 17 19 20 26 31 32 34 35 36 42 45 46 57 72 74 75 77 82 87 105 110 112 113 114 116 125
104 5 10 11 14 17 19 20 26 31 32 34 35 36 42 45 46 57 72 74 75 77 82 87 105 110 112 113 114 116 125
105 10 14 17 19 20 26 31 32 34 35 36 37 38 39 40 41 42 72 74 75 77 82 87 110 112 113 114 116 125 126
106 10 14 17 19 20 26 31 32 34 35 36 41 42 45 46 47 57 72 74 75 77 82 87 105 110 112 113 114 116 125
107 5 10 11 14 17 19 20 26 31 32 34 35 36 42 45 46 57 72 74 75 77 82 87 105 110 112 113 114 116 125
108 5 10 11 14 17 19 20 26 31 32 34 35 36 42 45 46 57 72 74 75 77 82 87 105 110 112 113 114 116 125
109 10 11 14 17 19 20 26 31 32 34 35 36 42 45 46 57 72 74 75 77 82 87 105 106 110 112 113 114 116 125
110 31 32 33 34 35 36 37 38 39 40 41 42 43 44 45 46 48 49 50 51 52 53 54 55 56 57 58 59 60 126
111 5 10 11 14 17 19 20 26 31 32 34 35 36 42 45 46 57 72 74 75 77 82 87 105 110 112 113 114 116 125
112 31 32 33 34 35 36 37 38 39 40 41 42 43 44 45 46 47 48 49 50 51 52 53 54 55 58 59 82 110 113
113 31 32 33 34 35 36 37 38 39 40 41 42 43 44 45 46 47 48 49 50 51 52 53 54 55 56 58 59 82 110
114 14 17 20 32 34 35 36 37 38 39 40 41 42 43 44 45 51 52 54 55 56 74 75 77 82 87 110 112 113 125
115 5 10 11 14 17 19 20 26 31 32 34 35 36 42 45 46 57 72 74 75 77 82 87 105 110 112 113 114 116 125
116 14 17 20 32 34 35 36 37 38 39 40 41 42 43 44 45 51 52 54 55 56 74 75 77 82 87 110 112 113 125
117 5 10 11 14 17 19 20 26 31 32 34 35 36 42 45 46 57 72 74 75 77 82 87 105 110 112 113 114 116 125
118 10 11 14 17 19 20 26 31 32 34 35 36 42 45 46 57 72 74 75 77 82 87 105 106 110 112 113 114 116 125
119 5 10 11 14 17 19 20 26 31 32 34 35 36 42 45 46 57 72 74 75 77 82 87 105 110 112 113 114 116 125
120 5 10 11 14 17 19 20 26 31 32 34 35 36 42 45 46 57 72 74 75 77 82 87 105 110 112 113 114 116 125
121 5 10 11 14 17 19 20 26 31 32 34 35 36 42 45 46 57 72 74 75 77 82 87 105 110 112 113 114 116 125
122 5 10 11 14 17 19 20 26 31 32 34 35 36 42 45 46 57 72 74 75 77 82 87 105 110 112 113 114 116 125
123 5 10 11 14 17 19 20 26 31 32 34 35 36 42 45 46 57 72 74 75 77 82 87 105 110 112 113 114 116 125
124 5 10 11 14 17 19 20 26 31 32 34 35 36 42 45 46 57 72 74 75 77 82 87 105 110 112 113 114 116 125
125 14 17 20 32 33 34 35 36 37 38 39 40 41 42 43 44 45 50 51 54 55 56 74 75 77 82 87 110 112 113
126 5 10 11 14 17 19 20 26 31 32 34 35 36 42 45 46 57 72 74 75 77 82 87 105 110 112 113 114 116 125
