0 2 15 16 19 21 22 23 26 29 34 35 39 43 44 49
1 2 14 19 21 22 23 26 29 34 35 39 43 44 48 49
2 13 15 16 17 18 19 20 21 22 23 26 29 39 44 49
3 0 2 5 6 10 15 16 20 25 30 31 33 34 38 43
4 0 14 19 21 22 26 29 34 35 39 40 43 44 48 49
5 2 10 14 16 21 22 23 26 29 34 39 40 43 44 49
6 2 10 19 22 23 26 32 34 35 36 37 39 43 44 48
7 0 2 11 16 21 22 23 29 32 34 35 39 43 44 49
8 1 4 7 15 16 20 21 23 25 28 30 32 34 37 44
9 0 2 10 26 30 32 35 36 40 41 43 44 46 48 49
10 0 2 14 19 21 22 23 26 29 34 35 39 43 44 49
11 0 2 14 19 21 22 23 26 29 34 35 39 43 44 49
12 0 2 14 16 19 21 22 23 32 34 35 43 44 48 49
13 2 19 22 23 26 29 32 34 35 37 39 41 43 48 49
14 0 2 10 19 21 22 23 26 29 34 35 39 43 44 49
15 2 10 19 21 22 23 26 29 32 34 35 39 43 44 49
16 0 2 14 19 21 22 23 26 29 34 35 39 43 44 49
17 0 2 10 16 21 22 23 26 29 34 37 40 43 44 49
18 0 2 14 19 21 22 23 26 29 34 35 39 43 44 49
19 12 13 14 15 16 17 18 19 20 21 22 23 24 39 50
20 0 2 14 19 21 22 23 26 29 34 35 39 43 44 49
21 13 14 15 16 17 18 19 20 21 22 23 26 29 39 49
22 12 13 14 15 16 17 18 19 20 21 22 23 39 49 50
23 10 11 12 13 14 15 16 17 18 19 20 21 22 24 50
24 0 2 14 19 21 22 23 26 29 34 35 39 43 44 49
25 2 14 19 21 22 23 26 29 34 35 39 40 44 48 49
26 12 13 14 15 16 17 18 19 20 21 22 23 39 49 50
27 2 14 16 19 21 22 23 26 29 34 35 39 43 44 49
28 0 2 14 19 21 22 23 26 29 34 35 39 43 44 49
29 13 14 15 16 17 18 19 20 21 22 23 26 39 49 50
30 0 2 14 19 21 22 23 26 29 34 35 39 43 44 49
31 0 2 10 11 14 19 21 22 26 28 35 37 39 41 48
32 0 2 14 19 21 22 23 26 29 34 35 39 43 44 49
33 0 2 19 21 22 23 26 29 34 35 39 43 44 48 49
34 2 13 16 17 18 19 21 22 23 26 29 39 43 44 49
35 2 13 16 17 19 21 22 23 26 29 34 39 43 44 49
36 0 2 14 19 21 22 23 26 29 34 35 39 43 44 49
37 0 2 14 19 21 22 23 26 29 34 35 39 43 44 49
38 0 2 14 19 21 22 23 26 29 34 35 39 43 44 49
39 10 12 13 14 15 16 17 18 19 20 21 22 23 24 50
40 0 2 14 19 21 22 23 26 29 34 35 39 43 44 49
41 0 2 14 19 21 22 23 26 29 34 35 39 43 44 49
42 0 2 14 19 21 22 23 26 29 34 35 39 43 44 49
43 2 14 16 17 18 19 20 21 22 23 26 29 39 44 49
44 13 14 15 16 17 18 19 20 21 22 23 26 29 39 49
45 0 2 14 19 21 22 23 26 29 34 35 39 43 44 49
46 0 2 14 19 21 22 23 26 29 34 35 39 43 44 49
47 4 10 16 17 21 22 25 30 33 37 39 41 46 48 49
48 0 2 14 19 21 22 23 26 29 34 35 39 43 44 49
49 12 13 14 15 16 17 18 19 20 21 22 23 24 39 50
50 0 2 14 19 21 22 23 26 29 34 35 39 43 44 49
