0 2 3 4 5 12 18 20 23 27 28 29 32 38 51 57 75 76 81 83 85 86 87 95 99 100 106 116 120 122 126
1 2 3 4 5 12 18 20 23 27 28 29 32 38 51 57 75 76 81 83 85 86 87 95 99 100 106 116 120 122 126
2 12 20 23 27 29 32 34 36 37 38 39 40 41 42 43 44 45 46 47 48 49 50 51 52 53 54 86 87 116 126
3 2 12 20 23 27 29 32 35 37 38 39 40 41 42 43 44 45 46 47 48 49 50 51 52 53 57 86 87 116 126
4 2 3 5 12 18 20 23 27 29 32 35 36 37 38 53 54 55 57 76 81 83 85 86 87 95 100 116 120 122 126
5 1 2 3 12 20 23 27 29 32 35 36 37 38 39 40 53 54 55 56 57 76 83 85 86 87 95 116 120 122 126
6 2 3 4 5 12 18 20 23 27 28 29 32 38 51 57 75 76 81 83 85 86 87 95 99 100 106 116 120 122 126
7 2 3 4 5 12 18 20 23 27 28 29 32 38 51 57 74 75 76 81 83 85 86 87 95 99 100 116 120 122 126
8 2 3 4 5 12 18 20 23 27 28 29 32 38 51 57 75 76 81 83 85 86 87 95 99 100 106 116 120 122 126
9 2 3 4 5 12 18 20 23 27 28 29 32 38 51 57 75 76 81 83 85 86 87 95 99 100 106 116 120 122 126
10 2 3 4 5 12 18 20 23 27 28 29 32 38 51 57 74 75 76 81 83 85 86 87 95 99 100 116 120 122 126
11 2 3 4 5 12 18 20 23 27 28 29 32 38 51 57 75 76 81 83 85 86 87 95 99 100 106 116 120 122 126
12 23 32 34 35 36 37 38 39 40 41 42 43 44 45 46 47 48 49 50 51 52 53 54 55 56 57 58 59 86 126
13 2 3 4 5 12 18 20 23 27 28 29 32 38 51 57 74 75 76 81 83 85 86 87 95 99 100 116 120 122 126
14 2 3 4 5 12 18 20 23 27 28 29 32 38 51 57 75 76 81 83 85 86 87 95 99 100 106 116 120 122 126
15 2 3 4 5 12 18 20 23 27 28 29 32 38 51 57 74 75 76 81 83 85 86 87 95 99 100 116 120 122 126
16 2 3 4 5 12 18 20 23 27 28 29 32 38 51 57 74 75 76 81 83 85 86 87 95 99 100 116 120 122 126
17 2 3 4 5 12 18 20 23 27 28 29 32 38 51 57 75 76 81 83 85 86 87 95 99 100 106 116 120 122 126
18 1 2 3 12 20 23 27 29 32 35 36 37 38 39 40 41 42 54 55 56 57 83 85 86 87 95 116 120 122 126
19 2 3 4 5 12 18 20 23 27 28 29 32 38 51 57 74 75 76 81 83 85 86 87 95 99 100 116 120 122 126
20 12 23 29 32 33 34 35 36 37 38 39 40 41 42 43 44 45 47 48 49 50 51 52 53 54 55 56 57 86 126
21 2 3 4 5 12 18 20 23 27 28 29 32 38 51 57 74 75 76 81 83 85 86 87 95 99 100 116 120 122 126
22 2 3 4 5 12 18 20 23 27 28 29 32 38 51 57 75 76 81 83 85 86 87 95 99 100 106 116 120 122 126
23 31 33 34 35 36 37 38 39 40 41 42 43 44 45 46 47 48 49 50 51 52 53 54 55 56 57 58 59 60 126
24 2 3 4 5 12 18 20 23 27 28 29 32 38 51 57 75 76 81 83 85 86 87 95 99 100 106 116 120 122 126
25 2 3 4 5 12 18 20 23 27 28 29 32 38 51 57 75 76 81 83 85 86 87 95 99 100 106 116 120 122 126
26 2 3 4 5 12 18 20 23 27 28 29 32 38 51 57 74 75 76 81 83 85 86 87 95 99 100 116 120 122 126
27 12 20 23 29 32 34 35 36 37 38 39 40 41 42 43 44 46 47 48 52 53 54 55 56 57 58 59 86 87 126
28 1 2 3 4 5 12 18 20 23 27 29 32 37 38 41 57 75 76 81 83 85 86 87 95 99 100 116 120 122 126
29 12 23 32 34 35 36 37 38 39 40 41 42 43 44 45 46 47 48 49 50 51 52 53 54 55 56 57 58 86 126
30 2 3 4 5 12 18 20 23 27 28 29 32 38 51 57 75 76 81 83 85 86 87 95 99 100 106 116 120 122 126
31 2 3 4 5 12 18 20 23 27 28 29 32 38 51 57 74 75 76 81 83 85 86 87 95 99 100 116 120 122 126
32 23 31 33 34 35 36 37 38 39 40 41 42 43 44 45 46 47 48 49 50 51 52 53 54 55 56 57 58 59 126
33 2 3 4 5 12 18 20 23 27 28 29 32 38 51 57 74 75 76 81 83 85 86 87 95 99 100 116 120 122 126
34 2 3 4 5 12 18 20 23 27 28 29 32 38 51 57 75 76 81 83 85 86 87 95 99 100 106 116 120 122 126
35 2 3 4 5 12 18 20 23 27 28 29 32 38 51 57 75 76 81 83 85 86 87 95 99 100 106 116 120 122 126
36 2 3 4 5 12 18 20 23 27 28 29 32 38 51 57 75 76 81 83 85 86 87 95 99 100 106 116 120 122 126
37 2 3 4 5 12 18 20 23 27 28 29 32 38 51 57 75 76 81 83 85 86 87 95 99 100 106 116 120 122 126
38 31 33 34 35 36 37 38 39 40 41 42 43 44 45 46 47 48 49 50 51 52 53 54 55 56 57 58 59 60 126
39 2 3 4 5 12 18 20 23 27 28 29 32 38 51 57 75 76 81 83 85 86 87 95 99 100 106 116 120 122 126
40 2 3 4 5 12 18 20 23 27 28 29 32 38 51 57 75 76 81 83 85 86 87 95 99 100 106 116 120 122 126
41 2 3 4 5 12 18 20 23 27 28 29 32 38 51 57 75 76 81 83 85 86 87 95 99 100 106 116 120 122 126
42 2 3 4 5 12 18 20 23 27 28 29 32 38 51 57 74 75 76 81 83 85 86 87 95 99 100 116 120 122 126
43 2 3 4 5 12 18 20 23 27 28 29 32 38 51 57 75 76 81 83 85 86 87 95 99 100 106 116 120 122 126
44 2 3 4 5 12 18 20 23 27 28 29 32 38 51 57 75 76 81 83 85 86 87 95 99 100 106 116 120 122 126
45 2 3 4 5 12 18 20 23 27 28 29 32 38 51 57 74 75 76 81 83 85 86 87 95 99 100 116 120 122 126
46 2 3 4 5 12 18 20 23 27 28 29 32 38 51 57 75 76 81 83 85 86 87 95 99 100 106 116 120 122 126
47 2 3 4 5 12 18 20 23 27 28 29 32 38 51 57 75 76 81 83 85 86 87 95 99 100 106 116 120 122 126
48 2 3 4 5 12 18 20 23 27 28 29 32 38 51 57 74 75 76 81 83 85 86 87 95 99 100 116 120 122 126
49 2 3 4 5 12 18 20 23 27 28 29 32 38 51 57 75 76 81 83 85 86 87 95 99 100 106 116 120 122 126
50 2 3 4 5 12 18 20 23 27 28 29 32 38 51 57 74 75 76 81 83 85 86 87 95 99 100 116 120 122 126
51 2 3 4 5 11 12 17 18 20 23 27 29 32 38 39 45 57 75 76 81 83 85 86 87 95 100 116 120 122 126
52 2 3 4 5 12 18 20 23 27 28 29 32 38 51 57 74 75 76 81 83 85 86 87 95 99 100 116 120 122 126
53 2 3 4 5 12 18 20 23 27 28 29 32 38 51 57 75 76 81 83 85 86 87 95 99 100 106 116 120 122 126
54 2 3 4 5 12 18 20 23 27 28 29 32 38 51 57 74 75 76 81 83 85 86 87 95 99 100 116 120 122 126
55 2 3 4 5 12 18 20 23 27 28 29 32 38 51 57 74 75 76 81 83 85 86 87 95 99 100 116 120 122 126
56 2 3 4 5 12 18 20 23 27 28 29 32 38 51 57 75 76 81 83 85 86 87 95 99 100 106 116 120 122 126
57 2 12 20 23 27 29 32 35 37 38 39 40 41 42 43 44 45 46 47 48 49 50 51 52 53 54 86 87 116 126
58 2 3 4 5 12 18 20 23 27 28 29 32 38 51 57 75 76 81 83 85 86 87 95 99 100 106 116 120 122 126
59 2 3 4 5 12 18 20 23 27 28 29 32 38 51 57 75 76 81 83 85 86 87 95 99 100 106 116 120 122 126
60 2 3 4 5 12 18 20 23 27 28 29 32 38 51 57 75 76 81 83 85 86 87 95 99 100 106 116 120 122 126
61 2 3 4 5 12 18 20 23 27 28 29 32 38 51 57 75 76 81 83 85 86 87 95 99 100 106 116 120 122 126
62 2 3 4 5 12 18 20 23 27 28 29 32 38 51 57 74 75 76 81 83 85 86 87 95 99 100 116 120 122 126
63 2 3 4 5 12 18 20 23 27 28 29 32 38 51 57 74 75 76 81 83 85 86 87 95 99 100 116 120 122 126
64 2 3 4 5 12 18 20 23 27 28 29 32 38 51 57 75 76 81 83 85 86 87 95 99 100 106 116 120 122 126
65 2 3 4 5 12 18 20 23 27 28 29 32 38 51 57 75 76 81 83 85 86 87 95 99 100 106 116 120 122 126
66 2 3 4 5 12 18 20 23 27 28 29 32 38 51 57 75 76 81 83 85 86 87 95 99 100 106 116 120 122 126
67 2 3 4 5 12 18 20 23 27 28 29 32 38 51 57 75 76 81 83 85 86 87 95 99 100 106 116 120 122 126
68 2 3 4 5 12 18 20 23 27 28 29 32 38 51 57 75 76 81 83 85 86 87 95 99 100 106 116 120 122 126
69 2 3 4 5 12 18 20 23 27 28 29 32 38 51 57 75 76 81 83 85 86 87 95 99 100 106 116 120 122 126
70 2 3 4 5 12 18 20 23 27 28 29 32 38 51 57 75 76 81 83 85 86 87 95 99 100 106 116 120 122 126
71 2 3 4 5 12 18 20 23 27 28 29 32 38 51 57 75 76 81 83 85 86 87 95 99 100 106 116 120 122 126
72 2 3 4 5 12 18 20 23 27 28 29 32 38 51 57 75 76 81 83 85 86 87 95 99 100 106 116 120 122 126
73 2 3 4 5 12 18 20 23 27 28 29 32 38 51 57 75 76 81 83 85 86 87 95 99 100 106 116 120 122 126
74 2 3 4 5 12 18 20 23 27 28 29 32 38 51 57 75 76 81 83 85 86 87 95 99 100 106 116 120 122 126
75 2 3 4 5 12 18 20 23 27 29 32 36 38 50 53 54 55 57 76 81 83 85 86 87 95 100 116 120 122 126
76 1 2 3 12 20 23 27 29 32 35 36 37 38 39 40 41 42 54 55 56 57 83 85 86 87 95 116 120 122 126
77 2 3 4 5 12 18 20 23 27 28 29 32 38 51 57 75 76 81 83 85 86 87 95 99 100 106 116 120 122 126
78 2 3 4 5 12 18 20 23 27 28 29 32 38 51 57 74 75 76 81 83 85 86 87 95 99 100 116 120 122 126
79 2 3 4 5 12 18 20 23 27 28 29 32 38 51 57 75 76 81 83 85 86 87 95 99 100 106 116 120 122 126
80 2 3 4 5 12 18 20 23 27 28 29 32 38 51 57 75 76 81 83 85 86 87 95 99 100 106 116 120 122 126
81 2 3 5 12 18 20 23 27 29 32 35 38 43 45 46 47 53 55 57 76 83 85 86 87 95 100 116 120 122 126
82 2 3 4 5 12 18 20 23 27 28 29 32 38 51 57 74 75 76 81 83 85 86 87 95 99 100 116 120 122 126
83 2 3 12 20 23 27 29 32 35 37 38 39 40 41 42 43 44 45 46 47 48 49 50 51 52 57 86 87 116 126
84 2 3 4 5 12 18 20 23 27 28 29 32 38 51 57 75 76 81 83 85 86 87 95 99 100 106 116 120 122 126
85 2 3 12 20 23 27 29 32 35 36 37 38 39 40 41 42 43 44 45 47 54 56 57 58 83 86 87 116 122 126
86 23 31 32 33 34 35 36 37 38 39 40 41 42 43 44 45 47 48 49 50 51 52 53 54 55 56 57 58 59 126
87 12 20 23 29 32 34 35 36 37 38 39 40 41 42 43 44 45 47 48 49 53 54 55 56 57 58 59 60 86 126
88 2 3 4 5 12 18 20 23 27 28 29 32 38 51 57 74 75 76 81 83 85 86 87 95 99 100 116 120 122 126
89 2 3 4 5 12 18 20 23 27 28 29 32 38 51 57 75 76 81 83 85 86 87 95 99 100 106 116 120 122 126
90 2 3 4 5 12 18 20 23 27 28 29 32 38 51 57 75 76 81 83 85 86 87 95 99 100 106 116 120 122 126
91 2 3 4 5 12 18 20 23 27 28 29 32 38 51 57 75 76 81 83 85 86 87 95 99 100 106 116 120 122 126
92 2 3 4 5 12 18 20 23 27 28 29 32 38 51 57 74 75 76 81 83 85 86 87 95 99 100 116 120 122 126
93 2 3 4 5 12 18 20 23 27 28 29 32 38 51 57 75 76 81 83 85 86 87 95 99 100 106 116 120 122 126
94 2 3 4 5 12 18 20 23 27 28 29 32 38 51 57 75 76 81 83 85 86 87 95 99 100 106 116 120 122 126
95 2 3 12 20 23 27 29 32 35 36 37 38 39 40 41 42 43 44 46 53 55 56 57 83 85 86 87 116 122 126
96 2 3 4 5 12 18 20 23 27 28 29 32 38 51 57 75 76 81 83 85 86 87 95 99 100 106 116 120 122 126
97 2 3 4 5 12 18 20 23 27 28 29 32 38 51 57 75 76 81 83 85 86 87 95 99 100 106 116 120 122 126
98 2 3 4 5 12 18 20 23 27 28 29 32 38 51 57 74 75 76 81 83 85 86 87 95 99 100 116 120 122 126
99 2 3 4 5 11 12 17 18 20 23 27 29 32 38 39 45 57 75 76 81 83 85 86 87 95 100 116 120 122 126
100 1 2 3 5 7 12 17 18 20 23 27 29 32 38 39 40 41 42 46 57 76 83 85 86 87 95 116 120 122 126
101 2 3 4 5 12 18 20 23 27 28 29 32 38 51 57 75 76 81 83 85 86 87 95 99 100 106 116 120 122 126
102 2 3 4 5 12 18 20 23 27 28 29 32 38 51 57 75 76 81 83 85 86 87 95 99 100 106 116 120 122 126
103 2 3 4 5 12 18 20 23 27 28 29 32 38 51 57 74 75 76 81 83 85 86 87 95 99 100 116 120 122 126
104 2 3 4 5 12 18 20 23 27 28 29 32 38 51 57 74 75 76 81 83 85 86 87 95 99 100 116 120 122 126
105 2 3 4 5 12 18 20 23 27 28 29 32 38 51 57 75 76 81 83 85 86 87 95 99 100 106 116 120 122 126
106 2 3 4 5 6 12 18 20 23 27 28 29 32 38 51 57 75 76 81 83 85 86 87 95 99 100 116 120 122 126
107 2 3 4 5 12 18 20 23 27 28 29 32 38 51 57 75 76 81 83 85 86 87 95 99 100 106 116 120 122 126
108 2 3 4 5 12 14 18 20 23 27 29 30 32 38 51 57 75 76 81 83 85 86 87 95 99 100 116 120 122 126
109 2 3 4 5 12 18 20 23 27 28 29 32 38 51 57 75 76 81 83 85 86 87 95 99 100 106 116 120 122 126
110 2 3 4 5 12 18 20 23 27 28 29 32 38 51 57 75 76 81 83 85 86 87 95 99 100 106 116 120 122 126
111 2 3 4 5 12 18 20 23 27 28 29 32 38 51 57 75 76 81 83 85 86 87 95 99 100 106 116 120 122 126
112 2 3 4 5 12 18 20 23 27 28 29 32 38 51 57 74 75 76 81 83 85 86 87 95 99 100 116 120 122 126
113 2 3 4 5 12 18 20 23 27 28 29 32 38 51 57 75 76 81 83 85 86 87 95 99 100 106 116 120 122 126
114 2 3 5 12 18 20 23 27 29 30 32 38 51 56 57 61 67 74 76 83 84 85 86 87 95 109 116 120 122 126
115 2 3 4 5 12 18 20 23 27 28 29 32 38 51 57 75 76 81 83 85 86 87 95 99 100 106 116 120 122 126
116 12 20 23 27 29 32 34 36 37 38 39 40 41 42 43 44 45 46 47 48 49 50 51 52 53 54 55 86 87 126
117 2 3 4 5 12 18 20 23 27 28 29 32 38 51 57 74 75 76 81 83 85 86 87 95 99 100 116 120 122 126
118 2 3 4 5 12 18 20 23 27 28 29 32 38 51 57 75 76 81 83 85 86 87 95 99 100 106 116 120 122 126
119 2 3 4 5 12 18 20 23 27 28 29 32 38 51 57 75 76 81 83 85 86 87 95 99 100 106 116 120 122 126
120 1 2 3 6 12 20 23 27 29 32 35 36 37 38 39 40 41 42 43 45 46 57 83 85 86 87 95 116 122 126
121 2 3 4 5 12 18 20 23 27 28 29 32 38 51 57 75 76 81 83 85 86 87 95 99 100 106 116 120 122 126
122 2 3 12 20 23 27 29 32 35 37 38 39 40 41 42 43 44 45 46 47 48 49 50 51 57 83 86 87 116 126
123 2 3 4 5 12 18 20 23 27 28 29 32 38 51 57 74 75 76 81 83 85 86 87 95 99 100 116 120 122 126
124 2 3 4 5 12 18 20 23 27 28 29 32 38 51 57 75 76 81 83 85 86 87 95 99 100 106 116 120 122 126
125 2 3 4 5 12 18 20 23 27 28 29 32 38 51 57 75 76 81 83 85 86 87 95 99 100 106 116 120 122 126
126 12 20 23 29 32 34 35 36 37 38 39 40 41 42 43 44 45 47 48 49 50 51 52 53 54 55 56 57 86 126
