0 17 20 32 35 37 40 75 78 79 81 88 102 103 104 105 106 107 108 109 110 111 112 113 114 117 119 120 122 123 124
1 0 4 15 17 19 20 24 25 26 29 32 35 37 40 45 75 78 79 81 86 87 88 93 98 103 104 112 114 116 124
2 0 4 15 17 19 20 24 25 26 29 32 35 37 40 45 75 78 79 81 86 87 88 93 98 103 104 112 114 116 124
3 0 4 15 17 19 20 24 25 26 29 32 35 37 40 45 75 78 79 81 86 87 88 93 98 103 104 112 114 116 124
4 17 20 32 35 37 40 75 78 79 81 88 102 103 104 105 106 107 108 109 110 111 112 113 114 117 119 120 122 123 124
5 0 4 14 15 17 19 20 24 26 29 32 35 37 40 45 75 78 79 81 86 87 88 93 98 103 104 112 114 116 124
6 0 4 15 17 19 20 24 25 26 29 32 35 37 40 45 75 78 79 81 86 87 88 93 98 103 104 112 114 116 124
7 0 4 15 17 19 20 24 25 26 29 32 35 37 40 45 75 78 79 81 86 87 88 93 98 103 104 112 114 116 124
8 0 4 15 17 19 20 24 26 29 32 35 37 40 45 75 78 79 81 86 87 88 93 98 103 104 112 113 114 116 124
9 0 4 15 17 19 20 24 25 26 29 32 35 37 40 45 75 78 79 81 86 87 88 93 98 103 104 112 114 116 124
10 0 4 8 15 17 19 20 24 26 29 32 35 37 40 45 75 78 79 81 86 87 88 93 98 103 104 112 114 116 124
11 0 4 15 17 19 20 24 25 26 29 32 35 37 40 45 75 78 79 81 86 87 88 93 98 103 104 112 114 116 124
12 0 4 14 15 17 19 20 24 26 29 32 35 37 40 45 75 78 79 81 86 87 88 93 98 103 104 112 114 116 124
13 0 4 15 17 19 20 24 25 26 29 32 35 37 40 45 75 78 79 81 86 87 88 93 98 103 104 112 114 116 124
14 0 4 15 17 19 20 24 25 26 29 32 35 37 40 45 75 78 79 81 86 87 88 93 98 103 104 112 114 116 124
15 0 4 17 19 20 26 32 35 37 40 75 78 79 81 88 93 98 103 104 107 108 111 112 113 114 115 117 120 121 124
16 0 4 15 17 19 20 24 25 26 29 32 35 37 40 45 75 78 79 81 86 87 88 93 98 103 104 112 114 116 124
17 20 32 35 37 40 75 78 79 81 88 101 102 103 104 105 106 107 108 109 110 111 112 114 117 119 120 121 122 123 125
18 0 4 8 15 17 19 20 24 26 29 32 35 37 40 45 75 78 79 81 86 87 88 93 98 103 104 112 114 116 124
19 4 17 20 32 35 37 40 75 78 79 81 88 103 104 105 106 107 108 109 110 111 112 113 114 117 119 120 122 123 124
20 32 35 40 78 79 81 99 100 101 102 103 104 105 106 107 108 109 110 111 112 114 116 117 118 119 120 121 122 123 125
21 0 4 15 17 19 20 24 25 26 29 32 35 37 40 45 75 78 79 81 86 87 88 93 98 103 104 112 114 116 124
22 0 4 15 17 19 20 24 26 29 32 35 37 40 45 70 75 78 79 81 86 87 88 93 98 103 104 112 114 116 124
23 0 4 8 15 17 19 20 24 26 29 32 35 37 40 45 75 78 79 81 86 87 88 93 98 103 104 112 114 116 124
24 0 4 15 17 19 20 26 29 32 35 37 40 45 75 78 79 81 86 87 88 93 98 103 104 112 113 114 116 118 124
25 0 4 15 17 19 20 24 26 29 32 35 37 40 45 75 78 79 81 86 87 88 93 98 103 104 112 113 114 116 124
26 0 4 17 19 20 32 35 37 40 75 78 79 81 88 103 104 106 107 108 109 111 112 113 114 117 119 120 122 123 124
27 0 4 14 15 17 19 20 24 26 29 32 35 37 40 45 75 78 79 81 86 87 88 93 98 103 104 112 114 116 124
28 0 4 14 15 17 19 20 24 26 29 32 35 37 40 45 75 78 79 81 86 87 88 93 98 103 104 112 114 116 124
29 0 4 15 17 19 20 26 32 35 37 40 75 78 79 81 87 88 93 98 103 104 108 111 112 113 114 115 117 120 124
30 0 4 15 17 19 20 24 25 26 29 32 35 37 40 45 75 78 79 81 86 87 88 93 98 103 104 112 114 116 124
31 0 4 15 17 19 20 24 25 26 29 32 35 37 40 45 75 78 79 81 86 87 88 93 98 103 104 112 114 116 124
32 35 40 78 79 81 99 100 101 102 103 104 105 106 107 108 109 110 111 112 114 115 116 117 118 119 120 121 122 123 125
33 0 4 15 17 19 20 24 25 26 29 32 35 37 40 45 75 78 79 81 86 87 88 93 98 103 104 112 114 116 124
34 0 4 15 17 19 20 24 25 26 29 32 35 37 40 45 75 78 79 81 86 87 88 93 98 103 104 112 114 116 124
35 97 98 99 100 101 102 103 104 105 106 107 108 109 110 111 112 113 114 115 116 117 118 119 120 121 122 123 124 125 126
36 0 4 15 17 19 20 24 25 26 29 32 35 37 40 45 75 78 79 81 86 87 88 93 98 103 104 112 114 116 124
37 20 32 35 40 78 79 81 100 101 102 103 104 105 106 107 108 109 110 111 112 114 116 117 118 119 120 121 122 123 125
38 0 4 15 17 19 20 24 25 26 29 32 35 37 40 45 75 78 79 81 86 87 88 93 98 103 104 112 114 116 124
39 0 4 15 17 19 20 24 25 26 29 32 35 37 40 45 75 78 79 81 86 87 88 93 98 103 104 112 114 116 124
40 35 79 81 98 99 100 101 102 103 104 105 106 107 108 109 110 111 112 113 114 115 116 117 118 119 120 121 122 123 125
41 0 4 15 17 19 20 24 25 26 29 32 35 37 40 45 75 78 79 81 86 87 88 93 98 103 104 112 114 116 124
42 0 4 15 17 19 20 24 25 26 29 32 35 37 40 45 75 78 79 81 86 87 88 93 98 103 104 112 114 116 124
43 0 4 15 17 19 20 24 25 26 29 32 35 37 40 45 75 78 79 81 86 87 88 93 98 103 104 112 114 116 124
44 0 4 15 17 19 20 24 25 26 29 32 35 37 40 45 75 78 79 81 86 87 88 93 98 103 104 112 114 116 124
45 0 4 15 17 19 20 26 29 32 35 37 40 75 78 79 81 86 87 88 93 98 103 104 112 113 114 115 116 118 124
46 0 4 15 17 19 20 24 25 26 29 32 35 37 40 45 75 78 79 81 86 87 88 93 98 103 104 112 114 116 124
47 0 4 15 17 19 20 24 25 26 29 32 35 37 40 45 75 78 79 81 86 87 88 93 98 103 104 112 114 116 124
48 0 4 15 17 19 20 24 25 26 29 32 35 37 40 45 75 78 79 81 86 87 88 93 98 103 104 112 114 116 124
49 0 4 15 17 19 20 24 25 26 29 32 35 37 40 45 75 78 79 81 86 87 88 93 98 103 104 112 114 116 124
50 0 4 15 17 19 20 24 25 26 29 32 35 37 40 45 75 78 79 81 86 87 88 93 98 103 104 112 114 116 124
51 0 4 8 15 17 19 20 24 26 29 32 35 37 40 45 75 78 79 81 86 87 88 93 98 103 104 112 114 116 124
52 0 4 15 17 19 20 24 25 26 29 32 35 37 40 45 75 78 79 81 86 87 88 93 98 103 104 112 114 116 124
53 0 4 15 17 19 20 24 25 26 29 32 35 37 40 45 75 78 79 81 86 87 88 93 98 103 104 112 114 116 124
54 0 4 15 17 19 20 24 25 26 29 32 35 37 40 45 75 78 79 81 86 87 88 93 98 103 104 112 114 116 124
55 0 4 8 15 17 19 20 24 26 29 32 35 37 40 45 75 78 79 81 86 87 88 93 98 103 104 112 114 116 124
56 0 4 15 17 19 20 24 26 29 32 35 37 40 45 70 75 78 79 81 86 87 88 93 98 103 104 112 114 116 124
57 0 4 15 17 19 20 24 25 26 29 32 35 37 40 45 75 78 79 81 86 87 88 93 98 103 104 112 114 116 124
58 0 4 15 17 19 20 24 25 26 29 32 35 37 40 45 75 78 79 81 86 87 88 93 98 103 104 112 114 116 124
59 0 4 15 17 19 20 24 25 26 29 32 35 37 40 45 75 78 79 81 86 87 88 93 98 103 104 112 114 116 124
60 0 4 15 17 19 20 24 25 26 29 32 35 37 40 45 75 78 79 81 86 87 88 93 98 103 104 112 114 116 124
61 0 4 15 17 19 20 24 25 26 29 32 35 37 40 45 75 78 79 81 86 87 88 93 98 103 104 112 114 116 124
62 0 4 15 17 19 20 24 25 26 29 32 35 37 40 45 75 78 79 81 86 87 88 93 98 103 104 112 114 116 124
63 0 4 8 15 17 19 20 24 26 29 32 35 37 40 45 75 78 79 81 86 87 88 93 98 103 104 112 114 116 124
64 0 4 15 17 19 20 24 25 26 29 32 35 37 40 45 75 78 79 81 86 87 88 93 98 103 104 112 114 116 124
65 0 4 15 17 19 20 24 25 26 29 32 35 37 40 45 75 78 79 81 86 87 88 93 98 103 104 112 114 116 124
66 0 4 14 15 17 19 20 25 26 29 32 35 37 40 45 75 78 79 81 86 87 88 93 98 103 104 112 114 116 124
67 0 4 15 17 19 20 24 25 26 29 32 35 37 40 45 75 78 79 81 86 87 88 93 98 103 104 112 114 116 124
68 0 4 8 15 17 19 20 24 26 29 32 35 37 40 45 75 78 79 81 86 87 88 93 98 103 104 112 114 116 124
69 0 4 8 15 17 19 20 24 26 29 32 35 37 40 45 75 78 79 81 86 87 88 93 98 103 104 112 114 116 124
70 0 4 15 17 19 20 24 25 26 29 32 35 37 40 45 75 78 79 81 86 87 88 93 98 103 104 112 114 116 124
71 0 4 8 15 17 19 20 24 26 29 32 35 37 40 45 75 78 79 81 86 87 88 93 98 103 104 112 114 116 124
72 0 4 15 17 19 20 24 25 26 29 32 35 37 40 45 75 78 79 81 86 87 88 93 98 103 104 112 114 116 124
73 0 4 15 17 19 20 24 25 26 29 32 35 37 40 45 75 78 79 81 86 87 88 93 98 103 104 112 114 116 124
74 0 4 15 17 19 20 24 26 29 32 35 37 40 45 48 75 78 79 81 86 87 88 93 98 103 104 112 114 116 124
75 20 32 35 37 40 78 79 81 101 102 103 104 105 106 107 108 109 110 111 112 114 116 117 118 119 120 121 122 123 125
76 0 4 15 17 19 20 24 25 26 29 32 35 37 40 45 75 78 79 81 86 87 88 93 98 103 104 112 114 116 124
77 0 4 15 17 19 20 24 25 26 29 32 35 37 40 45 75 78 79 81 86 87 88 93 98 103 104 112 114 116 124
78 35 40 79 81 98 99 100 101 102 103 104 105 106 107 108 109 110 111 112 114 115 116 117 118 119 120 121 122 123 125
79 35 81 97 98 99 100 101 102 103 104 105 106 107 108 109 110 111 113 114 115 116 117 118 119 120 121 122 123 125 126
80 0 4 15 17 19 20 24 25 26 29 32 35 37 40 45 75 78 79 81 86 87 88 93 98 103 104 112 114 116 124
81 35 97 98 99 100 101 102 103 104 105 106 107 108 109 110 111 113 114 115 116 117 118 119 120 121 122 123 124 125 126
82 0 4 15 17 19 20 24 25 26 29 32 35 37 40 45 75 78 79 81 86 87 88 93 98 103 104 112 114 116 124
83 0 4 15 17 19 20 24 25 26 29 32 35 37 40 45 75 78 79 81 86 87 88 93 98 103 104 112 114 116 124
84 0 4 15 17 19 20 24 25 26 29 32 35 37 40 45 75 78 79 81 86 87 88 93 98 103 104 112 114 116 124
85 0 4 15 17 19 20 24 25 26 29 32 35 37 40 45 75 78 79 81 86 87 88 93 98 103 104 112 114 116 124
86 0 4 15 17 19 20 26 29 32 35 37 40 75 78 79 81 87 88 93 98 103 104 111 112 113 114 115 116 118 124
87 0 4 17 19 20 26 32 35 37 40 75 78 79 81 88 93 98 103 104 107 108 111 112 113 114 115 117 120 121 124
88 20 32 35 37 40 75 78 79 81 101 102 103 104 105 106 107 108 109 110 111 112 114 117 118 119 120 121 122 123 125
89 0 4 15 17 19 20 24 25 26 29 32 35 37 40 45 75 78 79 81 86 87 88 93 98 103 104 112 114 116 124
90 0 4 15 17 19 20 24 25 26 29 32 35 37 40 45 75 78 79 81 86 87 88 93 98 103 104 112 114 116 124
91 0 4 15 17 19 20 24 25 26 29 32 35 37 40 45 75 78 79 81 86 87 88 93 98 103 104 112 114 116 124
92 0 4 15 17 19 20 24 25 26 29 32 35 37 40 45 75 78 79 81 86 87 88 93 98 103 104 112 114 116 124
93 0 4 17 19 20 26 32 35 37 40 75 78 79 81 88 98 103 104 107 108 111 112 113 114 115 117 119 120 123 124
94 0 4 15 17 19 20 24 26 29 32 35 37 40 45 48 75 78 79 81 86 87 88 93 98 103 104 112 114 116 124
95 0 4 15 17 19 20 24 25 26 29 32 35 37 40 45 75 78 79 81 86 87 88 93 98 103 104 112 114 116 124
96 0 4 15 17 19 20 24 25 26 29 32 35 37 40 45 75 78 79 81 86 87 88 93 98 103 104 112 114 116 124
97 0 4 14 15 17 19 20 24 26 29 32 35 37 40 45 75 78 79 81 86 87 88 93 98 103 104 112 114 116 124
98 0 4 17 19 20 26 32 35 37 40 75 78 79 81 88 103 104 107 108 109 111 112 113 114 117 119 120 122 123 124
99 0 4 15 17 19 20 24 25 26 29 32 35 37 40 45 75 78 79 81 86 87 88 93 98 103 104 112 114 116 124
100 0 4 14 15 17 19 20 24 26 29 32 35 37 40 45 75 78 79 81 86 87 88 93 98 103 104 112 114 116 124
101 0 4 15 17 19 20 24 25 26 29 32 35 37 40 45 75 78 79 81 86 87 88 93 98 103 104 112 114 116 124
102 0 4 15 17 19 20 24 25 26 29 32 35 37 40 45 75 78 79 81 86 87 88 93 98 103 104 112 114 116 124
103 35 79 81 98 99 100 101 102 103 104 105 106 107 108 109 110 111 113 114 115 116 117 118 119 120 121 122 123 125 126
104 17 20 32 35 37 40 75 78 79 81 88 102 103 104 105 106 107 108 109 110 111 112 114 117 119 120 121 122 123 124
105 0 4 15 17 19 20 24 25 26 29 32 35 37 40 45 75 78 79 81 86 87 88 93 98 103 104 112 114 116 124
106 0 4 15 17 19 20 24 25 26 29 32 35 37 40 45 75 78 79 81 86 87 88 93 98 103 104 112 114 116 124
107 0 4 15 17 19 20 24 25 26 29 32 35 37 40 45 75 78 79 81 86 87 88 93 98 103 104 112 114 116 124
108 0 4 15 17 19 20 24 25 26 29 32 35 37 40 45 75 78 79 81 86 87 88 93 98 103 104 112 114 116 124
109 0 4 15 17 19 20 24 25 26 29 32 35 37 40 45 75 78 79 81 86 87 88 93 98 103 104 112 114 116 124
110 0 4 15 17 19 20 24 25 26 29 32 35 37 40 45 75 78 79 81 86 87 88 93 98 103 104 112 114 116 124
111 0 4 15 17 19 20 25 26 29 32 34 35 37 40 45 75 78 79 81 86 87 88 93 98 103 104 112 114 116 124
112 0 4 17 19 20 26 32 35 37 40 75 78 79 81 88 93 98 103 104 107 108 111 112 113 114 115 119 120 123 124
113 0 4 15 17 19 20 24 25 26 29 32 35 37 40 45 75 78 79 81 86 87 88 93 98 103 104 112 114 116 124
114 35 97 98 99 100 101 102 103 104 105 106 107 108 109 110 111 113 114 115 116 117 118 119 120 121 122 123 124 125 126
115 0 4 15 17 19 20 24 25 26 29 32 35 37 40 45 75 78 79 81 86 87 88 93 98 103 104 112 114 116 124
116 0 4 15 17 19 20 26 29 32 35 37 40 75 78 79 81 87 88 93 98 103 104 111 112 113 114 115 117 120 124
117 0 4 15 17 19 20 24 25 26 29 32 35 37 40 45 75 78 79 81 86 87 88 93 98 103 104 112 114 116 124
118 0 4 14 15 17 19 20 24 26 29 32 35 37 40 45 75 78 79 81 86 87 88 93 98 103 104 112 114 116 124
119 0 4 15 17 19 20 24 25 26 29 32 35 37 40 45 75 78 79 81 86 87 88 93 98 103 104 112 114 116 124
120 0 4 15 17 19 20 24 25 26 29 32 35 37 40 45 75 78 79 81 86 87 88 93 98 103 104 112 114 116 124
121 0 4 15 17 19 20 24 25 26 29 32 35 37 40 45 75 78 79 81 86 87 88 93 98 103 104 112 114 116 124
122 0 4 15 17 19 20 24 25 26 29 32 35 37 40 45 75 78 79 81 86 87 88 93 98 103 104 112 114 116 124
123 0 4 15 17 19 20 24 25 26 29 32 35 37 40 45 75 78 79 81 86 87 88 93 98 103 104 112 114 116 124
124 17 20 32 35 37 40 75 78 79 81 88 102 103 104 105 106 107 108 109 110 111 112 114 117 119 120 121 122 123 125
125 0 4 14 15 17 19 20 24 26 29 32 35 37 40 45 75 78 79 81 86 87 88 93 98 103 104 112 114 116 124
126 0 4 8 15 17 19 20 24 26 29 32 35 37 40 45 75 78 79 81 86 87 88 93 98 103 104 112 114 116 124
