0 7 20 23 24 25 32 34 35 38 39 42 43 57 58 60 67 68 73 76 81 85 92 94 95 98 100 106 114 117 123
1 7 20 23 24 25 32 34 35 38 39 42 43 57 58 60 67 68 73 76 81 85 92 94 95 98 106 114 115 117 118
2 7 20 23 24 25 32 34 35 38 39 42 43 57 58 60 67 68 73 76 81 84 85 92 94 95 98 106 114 117 118
3 7 11 20 23 24 25 32 34 35 38 39 42 43 57 58 60 67 68 73 76 81 85 92 94 95 98 106 114 115 117
4 7 11 20 23 24 25 32 34 35 38 39 42 43 57 58 60 67 68 73 81 85 92 94 95 98 106 114 117 118 123
5 7 20 23 24 25 30 32 34 35 38 39 42 43 57 58 60 67 68 73 81 85 92 94 95 98 106 114 115 117 123
6 7 20 23 24 25 32 34 35 38 39 42 43 57 58 60 67 68 73 76 81 85 92 94 95 98 106 114 117 118 123
7 20 23 24 25 32 34 35 36 37 38 39 42 50 52 53 57 58 60 67 68 73 81 85 92 94 95 98 106 114 117
8 7 20 23 24 25 32 34 35 38 39 42 43 57 58 60 67 68 73 76 81 85 92 94 95 98 106 114 115 117 123
9 7 11 20 23 24 25 32 34 35 38 39 42 43 57 58 60 67 68 73 76 81 85 92 94 95 98 106 114 117 123
10 7 11 20 23 24 25 32 34 35 38 39 42 43 57 58 60 67 68 73 81 85 92 94 95 98 106 114 117 118 123
11 20 23 24 25 32 34 35 36 38 39 42 43 50 52 57 58 60 67 68 73 76 81 85 92 94 95 98 106 114 117
12 7 11 20 23 24 25 32 34 35 38 39 42 43 57 58 60 67 68 73 76 81 84 85 92 94 95 98 106 114 117
13 7 11 20 23 24 25 32 34 35 38 39 42 43 57 58 60 67 68 73 76 81 85 92 94 95 98 106 114 117 123
14 7 20 23 24 25 32 34 35 38 39 42 43 57 58 60 67 68 73 76 81 85 92 94 95 98 100 106 114 117 118
15 7 11 20 23 24 25 32 34 35 38 39 42 43 57 58 60 67 68 73 76 81 85 92 94 95 98 106 114 117 118
16 7 11 20 23 24 25 32 34 35 38 39 42 43 57 58 60 67 68 73 76 81 85 92 94 95 98 106 114 115 117
17 7 11 20 23 24 25 32 34 35 38 39 42 43 57 58 60 67 68 73 76 81 84 85 92 94 95 98 106 114 117
18 7 20 23 24 25 32 34 35 38 39 42 43 57 58 60 67 68 73 76 81 85 92 94 95 98 106 114 115 117 123
19 7 11 20 23 24 25 32 34 35 38 39 42 43 57 58 60 67 68 73 76 81 85 92 94 95 98 106 114 117 118
20 23 24 25 32 34 35 36 37 38 39 40 41 42 43 44 45 46 47 48 49 50 51 52 67 73 81 95 98 114 126
21 7 20 23 24 25 32 34 35 38 39 42 43 57 58 60 67 68 73 76 81 85 92 94 95 98 106 114 115 117 123
22 7 11 20 23 24 25 32 34 35 38 39 42 43 57 58 60 67 68 73 76 81 85 92 94 95 98 100 106 114 117
23 25 31 33 34 35 36 37 38 39 40 41 42 43 44 45 46 47 48 49 50 51 52 53 54 55 56 73 95 114 126
24 23 25 32 34 35 36 37 38 39 40 41 42 43 44 45 46 47 48 49 50 51 52 53 54 73 81 95 98 114 126
25 33 34 35 36 37 38 39 40 41 42 43 44 45 46 47 48 49 50 51 52 53 54 55 56 57 58 59 62 73 126
26 7 20 23 24 25 32 34 35 38 39 42 43 57 58 60 67 68 73 76 81 84 85 92 94 95 98 106 114 115 117
27 7 20 23 24 25 32 34 35 38 39 42 43 57 58 60 67 68 73 81 85 92 94 95 98 100 106 114 115 117 118
28 7 11 20 23 24 25 32 34 35 38 39 42 43 57 58 60 67 68 73 81 85 92 94 95 98 106 114 115 117 118
29 7 20 23 24 25 32 34 35 38 39 42 43 57 58 60 67 68 73 76 81 85 92 94 95 98 106 114 115 117 118
30 7 11 20 23 24 25 32 34 35 38 39 42 43 57 58 60 67 68 73 76 81 85 92 94 95 98 106 114 117 118
31 7 20 23 24 25 32 34 35 38 39 42 43 57 58 60 67 68 73 76 81 85 92 94 95 98 106 114 117 118 123
32 20 23 24 25 34 35 36 37 38 39 42 43 51 52 53 54 57 60 67 68 73 81 85 92 94 95 98 106 114 117
33 7 20 23 24 25 32 34 35 38 39 42 43 57 58 60 67 68 73 76 81 85 92 94 95 98 106 114 117 118 123
34 23 25 32 34 35 36 37 38 39 40 41 42 43 44 45 46 47 48 49 50 51 52 53 54 73 81 95 98 114 126
35 31 33 34 35 36 37 38 39 40 41 42 43 44 45 46 47 48 49 50 51 52 53 54 55 56 57 58 59 60 126
36 7 20 23 24 25 32 34 35 38 39 42 43 57 58 60 67 68 73 76 81 85 92 94 95 98 106 114 115 117 118
37 7 11 20 23 24 25 32 34 35 38 39 42 43 57 58 60 67 68 73 76 81 85 92 94 95 98 106 114 115 117
38 31 33 34 35 36 37 38 39 40 41 42 43 44 45 46 47 48 49 50 51 52 53 54 55 56 57 58 59 60 126
39 20 23 24 25 33 34 35 36 37 38 39 40 41 42 44 45 46 47 48 49 67 68 73 81 94 95 98 106 114 126
40 7 20 23 24 25 32 34 35 38 39 42 43 57 58 60 67 68 73 76 81 85 92 94 95 98 106 114 115 117 118
41 7 11 20 23 24 25 32 34 35 38 39 42 43 57 58 60 67 68 73 81 85 92 94 95 98 106 114 115 117 118
42 23 24 25 32 34 35 36 37 38 39 40 41 42 43 44 45 46 47 48 49 50 51 52 53 73 81 95 98 114 126
43 20 23 24 25 32 33 34 35 36 37 38 39 42 51 53 54 57 60 67 68 73 81 85 92 94 95 98 106 114 117
44 7 11 20 23 24 25 32 34 35 38 39 42 43 57 58 60 67 68 73 76 81 84 85 92 94 95 98 106 114 117
45 7 11 20 23 24 25 32 34 35 38 39 42 43 57 58 60 67 68 73 81 85 92 94 95 98 106 114 117 118 123
46 7 11 20 23 24 25 32 34 35 38 39 42 43 57 58 60 67 68 73 76 81 85 92 94 95 98 106 114 115 117
47 7 20 23 24 25 32 34 35 38 39 42 43 57 58 60 67 68 73 76 81 85 92 94 95 98 106 114 115 117 118
48 7 11 20 23 24 25 32 34 35 38 39 42 43 57 58 60 67 68 73 81 84 85 92 94 95 98 106 114 115 117
49 7 11 20 23 24 25 32 34 35 38 39 42 43 57 58 60 67 68 73 76 81 85 92 94 95 98 106 114 115 117
50 7 11 20 23 24 25 32 34 35 38 39 42 43 57 58 60 67 68 73 76 81 85 92 94 95 98 106 114 115 117
51 7 11 20 23 24 25 32 34 35 38 39 42 43 57 58 60 67 68 73 76 81 85 92 94 95 98 106 114 117 118
52 7 11 20 23 24 25 32 34 35 38 39 42 43 57 58 60 67 68 73 76 81 85 92 94 95 98 106 114 115 117
53 7 20 23 24 25 32 34 35 38 39 42 43 57 58 60 67 68 73 76 81 85 92 94 95 98 100 106 114 115 117
54 7 20 23 24 25 32 34 35 38 39 42 43 57 58 60 67 68 73 76 81 84 85 92 94 95 98 106 114 115 117
55 7 20 23 24 25 32 34 35 38 39 42 43 57 58 60 67 68 73 76 81 84 85 92 94 95 98 106 114 115 117
56 7 11 20 23 24 25 32 34 35 38 39 42 43 57 58 60 67 68 73 76 81 85 92 94 95 98 106 114 117 118
57 20 23 24 25 33 34 35 36 37 38 39 40 41 42 44 45 46 47 48 49 67 68 73 81 94 95 98 106 114 126
58 20 23 24 25 32 33 34 35 36 37 38 39 42 51 53 54 57 60 67 68 73 81 85 92 94 95 98 106 114 117
59 7 11 20 23 24 25 32 34 35 38 39 42 43 57 58 60 67 68 73 81 84 85 92 94 95 98 106 114 117 118
60 20 23 24 25 33 34 35 36 37 38 39 42 50 51 52 53 54 55 57 67 68 73 81 85 92 94 95 98 106 114
61 7 11 20 23 24 25 32 34 35 38 39 42 43 57 58 60 67 68 73 76 81 85 92 94 95 98 106 114 115 117
62 7 11 20 23 24 25 30 32 34 35 38 39 42 43 57 58 60 67 68 73 76 81 85 92 94 95 98 106 114 117
63 7 20 23 24 25 32 34 35 38 39 42 43 57 58 60 67 68 73 76 81 85 92 94 95 98 106 114 117 118 123
64 7 11 20 23 24 25 32 34 35 38 39 42 43 57 58 60 67 68 73 76 81 85 92 94 95 98 106 114 115 117
65 7 20 23 24 25 32 34 35 38 39 42 43 57 58 60 67 68 73 76 81 85 92 94 95 98 106 114 115 117 118
66 7 11 20 23 24 25 32 34 35 38 39 42 43 57 58 60 67 68 73 76 81 85 92 94 95 98 106 114 117 118
67 23 24 25 32 34 35 36 37 38 39 40 41 42 43 44 45 46 47 48 49 50 51 52 53 73 81 95 98 114 126
68 23 24 25 32 34 35 36 37 38 39 40 41 42 43 44 45 46 47 48 49 50 51 52 67 73 81 95 98 114 126
69 7 11 20 23 24 25 32 34 35 38 39 42 43 57 58 60 67 68 73 76 81 85 92 94 95 98 106 114 117 118
70 7 11 20 23 24 25 32 34 35 38 39 42 43 57 58 60 67 68 73 76 81 85 92 94 95 98 106 114 115 117
71 7 20 23 24 25 30 32 34 35 38 39 42 43 57 58 60 67 68 73 81 85 92 94 95 98 106 114 115 117 118
72 7 11 20 23 24 25 32 34 35 38 39 42 43 57 58 60 67 68 73 76 81 85 92 94 95 98 100 106 114 117
73 31 33 34 35 36 37 38 39 40 41 42 43 44 45 46 47 48 49 50 51 52 53 54 55 56 57 58 59 60 126
74 7 20 23 24 25 32 34 35 38 39 42 43 57 58 60 67 68 73 76 81 85 92 94 95 98 106 114 117 118 123
75 7 11 20 23 24 25 32 34 35 38 39 42 43 57 58 60 67 68 73 76 81 85 92 94 95 98 106 114 117 118
76 20 23 24 25 32 34 35 36 37 38 39 42 50 52 53 57 58 60 67 68 73 81 85 92 94 95 98 106 114 117
77 7 20 23 24 25 32 34 35 38 39 42 43 57 58 60 67 68 73 81 84 85 92 94 95 98 106 114 115 117 118
78 7 20 23 24 25 32 34 35 38 39 42 43 57 58 60 67 68 73 76 81 85 92 94 95 98 100 106 114 115 117
79 7 20 23 24 25 32 34 35 38 39 42 43 57 58 60 67 68 73 76 81 85 92 94 95 98 106 114 115 117 118
80 7 11 20 23 24 25 32 34 35 38 39 42 43 57 58 60 67 68 73 76 81 85 92 94 95 98 100 106 114 117
81 23 25 32 34 35 36 37 38 39 40 41 42 43 44 45 46 47 48 49 50 51 52 53 54 55 56 73 95 114 126
82 7 11 20 23 24 25 32 34 35 38 39 42 43 57 58 60 67 68 73 76 81 85 92 94 95 98 106 114 117 123
83 7 11 20 23 24 25 32 34 35 38 39 42 43 57 58 60 67 68 73 81 85 92 94 95 98 106 114 117 118 123
84 7 11 20 23 24 25 32 34 35 38 39 42 43 57 58 60 67 68 73 76 81 85 92 94 95 98 106 114 115 117
85 20 23 24 25 32 34 35 36 37 38 39 42 49 50 51 52 53 54 55 57 67 68 73 81 92 94 95 98 106 114
86 7 11 20 23 24 25 32 34 35 38 39 42 43 57 58 60 67 68 73 76 81 84 85 92 94 95 98 106 114 117
87 7 11 20 23 24 25 32 34 35 38 39 42 43 57 58 60 67 68 73 76 81 85 92 94 95 98 106 114 115 117
88 7 20 23 24 25 32 34 35 38 39 42 43 57 58 60 67 68 73 76 81 85 92 94 95 98 106 114 115 117 118
89 7 11 20 23 24 25 32 34 35 38 39 42 43 57 58 60 67 68 73 81 85 92 94 95 98 106 114 117 118 123
90 7 11 20 23 24 25 32 34 35 38 39 42 43 57 58 60 67 68 73 76 81 85 92 94 95 98 106 114 117 118
91 7 11 20 23 24 25 32 34 35 38 39 42 43 57 58 60 67 68 73 81 84 85 92 94 95 98 106 114 117 118
92 20 23 24 25 33 34 35 36 37 38 39 40 41 42 44 45 46 47 48 49 67 68 73 81 94 95 98 106 114 126
93 7 11 20 23 24 25 32 34 35 38 39 42 43 57 58 60 67 68 73 76 81 85 92 94 95 98 106 114 117 118
94 20 23 24 25 33 34 35 36 37 38 39 40 41 42 43 45 46 47 48 49 50 67 68 73 81 95 98 106 114 126
95 25 32 34 35 36 37 38 39 40 41 42 43 44 45 46 47 48 49 50 51 52 53 54 55 56 57 58 59 73 126
96 7 11 20 23 24 25 32 34 35 38 39 42 43 57 58 60 67 68 73 76 81 84 85 92 94 95 98 106 114 117
97 7 11 20 23 24 25 32 34 35 38 39 42 43 57 58 60 67 68 73 76 81 85 92 94 95 98 106 114 117 118
98 23 25 32 34 35 36 37 38 39 40 41 42 43 44 45 46 47 48 49 50 51 52 53 54 55 73 81 95 114 126
99 7 11 20 23 24 25 32 34 35 38 39 42 43 57 58 60 67 68 73 76 81 85 92 94 95 98 106 114 117 118
100 7 11 20 23 24 25 32 34 35 38 39 40 42 43 57 58 60 67 68 73 76 81 85 92 94 95 98 106 114 117
101 7 11 20 23 24 25 30 32 34 35 38 39 42 43 57 58 60 67 68 73 81 85 92 94 95 98 106 114 115 117
102 7 11 20 23 24 25 32 34 35 38 39 42 43 57 58 60 67 68 73 76 81 85 92 94 95 98 106 114 117 123
103 7 11 20 23 24 25 32 34 35 38 39 42 43 57 58 60 67 68 73 76 81 85 92 94 95 98 106 114 117 118
104 7 20 23 24 25 32 34 35 38 39 42 43 57 58 60 67 68 73 76 81 84 85 92 94 95 98 106 114 117 123
105 7 20 23 24 25 32 34 35 38 39 42 43 57 58 60 67 68 73 76 81 85 92 94 95 98 106 114 115 117 118
106 23 24 25 32 34 35 36 37 38 39 40 41 42 43 44 45 46 47 48 49 50 51 52 67 73 81 95 98 114 126
107 7 20 23 24 25 32 34 35 38 39 42 43 57 58 60 67 68 73 76 81 85 92 94 95 98 106 114 115 117 118
108 7 11 20 23 24 25 32 34 35 38 39 42 43 57 58 60 67 68 73 76 81 85 92 94 95 98 106 114 115 117
109 7 11 20 23 24 25 32 34 35 38 39 42 43 57 58 60 67 68 73 76 81 85 92 94 95 98 106 114 115 117
110 7 11 20 23 24 25 32 34 35 38 39 42 43 57 58 60 67 68 73 76 81 85 92 94 95 98 106 114 115 117
111 7 11 20 23 24 25 32 34 35 38 39 42 43 57 58 60 67 68 73 81 85 92 94 95 98 100 106 114 117 123
112 7 11 20 23 24 25 32 34 35 38 39 42 43 57 58 60 67 68 73 76 81 85 92 94 95 98 106 114 117 118
113 7 20 23 24 25 32 34 35 38 39 42 43 57 58 60 67 68 73 76 81 84 85 92 94 95 98 106 114 117 123
114 25 31 33 34 35 36 37 38 39 40 41 42 43 44 45 46 47 48 49 50 51 52 53 54 55 56 57 73 95 126
115 7 20 23 24 25 32 34 35 38 39 40 41 42 43 44 57 58 60 67 68 73 81 85 92 94 95 98 106 114 117
116 7 11 20 23 24 25 32 34 35 38 39 42 43 57 58 60 67 68 73 76 81 85 92 94 95 98 106 114 117 123
117 20 23 24 25 33 34 35 36 37 38 39 42 50 51 52 53 54 55 57 67 68 73 81 85 92 94 95 98 106 114
118 11 20 23 24 25 32 34 35 38 39 40 41 42 43 44 57 58 60 67 68 73 81 85 92 94 95 98 106 114 117
119 7 11 20 23 24 25 32 34 35 38 39 42 43 57 58 60 67 68 73 76 81 85 92 94 95 98 106 114 117 118
120 7 20 23 24 25 32 34 35 38 39 42 43 57 58 60 67 68 73 76 81 85 92 94 95 98 106 114 115 117 118
121 7 20 23 24 25 32 34 35 38 39 42 43 57 58 60 67 68 73 81 85 92 94 95 98 100 106 114 115 117 123
122 7 11 20 23 24 25 32 34 35 38 39 42 43 57 58 60 67 68 73 81 85 92 94 95 98 106 114 115 117 118
123 7 20 23 24 25 32 34 35 38 39 40 41 42 43 44 57 58 60 67 68 73 81 85 92 94 95 98 106 114 117
124 7 11 20 23 24 25 32 34 35 38 39 42 43 57 58 60 67 68 73 76 81 85 92 94 95 98 106 114 115 117
125 7 20 23 24 25 32 34 35 38 39 42 43 57 58 60 67 68 73 76 81 84 85 92 94 95 98 106 114 117 118
126 7 20 23 24 25 32 34 35 38 39 42 43 57 58 60 67 68 73 76 81 85 92 94 95 98 106 114 117 118 123
