0 3 11 12 13 14 15 16 17 18 19 20 21 22 24 25
1 0 3 11 12 20 24 25 31 33 34 35 40 44 47 50
2 0 3 11 12 20 24 25 31 33 34 35 40 44 47 50
3 10 11 12 13 14 15 16 17 18 19 20 21 22 24 25
4 0 3 11 12 20 24 25 31 33 34 35 40 44 47 50
5 0 3 11 12 20 24 25 31 33 34 35 40 44 47 50
6 0 3 11 12 20 24 25 31 33 34 35 40 44 47 50
7 0 3 11 12 20 24 25 31 33 34 35 40 44 47 50
8 0 3 11 12 20 24 25 31 33 34 35 40 44 47 50
9 0 3 11 12 20 24 25 31 33 34 35 40 44 47 50
10 0 3 11 12 20 24 25 31 33 34 35 40 44 47 50
11 0 3 10 12 14 15 16 17 18 19 24 25 34 40 44
12 3 11 12 13 14 15 16 17 18 19 20 21 22 24 25
13 0 3 11 12 20 24 25 31 33 34 35 40 44 47 50
14 0 3 10 11 12 20 24 25 31 33 34 35 40 44 50
15 0 3 11 12 20 24 25 31 33 34 35 40 44 47 50
16 0 3 11 12 20 24 25 31 33 34 35 40 44 47 50
17 0 3 11 12 20 24 25 31 33 34 35 40 44 47 50
18 0 3 11 12 20 24 25 31 33 34 35 40 44 47 50
19 0 3 11 12 20 24 25 31 33 34 35 40 44 47 50
20 0 3 10 11 12 15 16 17 18 19 24 25 34 40 44
21 0 3 11 12 20 24 25 31 33 34 35 40 44 47 50
22 0 3 11 12 20 24 25 31 33 34 35 40 44 47 50
23 0 3 11 12 20 24 25 31 33 34 35 40 44 47 50
24 10 11 12 13 14 15 16 17 18 19 20 21 22 24 25
25 10 11 12 13 14 15 16 17 18 19 20 21 22 24 50
26 0 3 11 12 20 24 25 31 33 34 35 40 44 47 50
27 0 3 11 12 20 24 25 31 33 34 35 40 44 47 50
28 0 3 11 12 20 24 25 31 33 34 35 40 44 47 50
29 0 3 11 12 20 24 25 31 33 34 35 40 44 47 50
30 0 3 11 12 20 24 25 31 33 34 35 40 44 47 50
31 0 3 6 7 11 12 20 24 25 33 34 35 40 44 50
32 0 3 11 12 20 24 25 31 33 34 35 40 44 47 50
33 0 3 11 12 15 16 17 18 19 20 24 25 34 40 44
34 0 3 11 12 13 14 15 16 17 18 19 20 24 25 45
35 0 3 10 11 12 16 17 18 20 24 25 33 34 40 44
36 0 3 11 12 20 24 25 31 33 34 35 40 44 47 50
37 0 3 11 12 20 24 25 31 33 34 35 40 44 47 50
38 0 3 11 12 20 24 25 31 33 34 35 40 44 47 50
39 0 3 11 12 20 24 25 31 33 34 35 40 44 47 50
40 0 3 10 12 13 14 15 16 17 18 19 24 25 34 47
41 0 3 11 12 20 24 25 31 33 34 35 40 44 47 50
42 0 3 11 12 20 24 25 31 33 34 35 40 44 47 50
43 0 3 11 12 20 24 25 31 33 34 35 40 44 47 50
44 0 3 10 12 14 15 16 17 18 19 24 25 34 40 45
45 0 3 11 12 20 24 25 31 33 34 35 40 44 47 50
46 0 3 11 12 20 24 25 31 33 34 35 40 44 47 50
47 0 3 6 11 12 20 24 25 31 33 34 35 40 44 50
48 0 3 11 12 20 24 25 31 33 34 35 40 44 47 50
49 0 3 11 12 20 24 25 31 33 34 35 40 44 47 50
50 0 3 10 11 12 16 17 18 20 24 25 33 34 40 44
