0 2 3 4 5 6 7 8 15 20 21 34 35 36 39 45
1 0 2 3 4 5 7 8 20 21 29 34 35 36 39 45
2 3 7 8 13 14 15 16 17 18 19 20 21 22 36 50
3 10 11 12 13 14 15 16 17 18 19 20 21 22 24 50
4 2 3 7 8 13 15 16 17 18 20 21 36 39 45 50
5 2 3 4 7 8 13 17 18 19 20 21 34 36 39 45
6 0 2 3 4 5 7 8 20 21 34 35 36 37 39 45
7 3 12 13 14 15 16 17 18 19 20 21 22 24 36 50
8 3 12 13 14 15 16 17 18 19 20 21 22 24 36 50
9 0 2 3 4 5 7 8 15 20 21 34 35 36 39 45
10 0 2 3 4 5 7 8 20 21 34 35 36 37 39 45
11 0 2 3 4 5 7 8 20 21 34 35 36 37 39 45
12 0 2 3 4 5 7 8 9 20 21 34 35 36 39 45
13 0 2 3 4 5 7 8 20 21 29 34 35 36 39 45
14 0 2 3 4 5 7 8 9 20 21 34 35 36 39 45
15 0 2 3 4 5 7 8 20 21 34 35 36 37 39 45
16 0 2 3 4 5 7 8 20 21 34 35 36 37 39 45
17 0 2 3 4 5 7 8 20 21 29 34 35 36 39 45
18 0 2 3 4 5 7 8 9 20 21 34 35 36 39 45
19 0 2 3 4 5 7 8 9 20 21 34 35 36 39 45
20 3 11 12 13 14 15 16 17 18 19 20 21 22 24 50
21 3 11 12 13 14 15 16 17 18 19 20 21 22 24 50
22 0 2 3 4 5 7 8 20 21 29 34 35 36 39 45
23 0 2 3 4 5 7 8 20 21 34 35 36 37 39 45
24 0 2 3 4 5 7 8 20 21 29 34 35 36 39 45
25 0 2 3 4 5 7 8 20 21 34 35 36 37 39 45
26 0 2 3 4 5 7 8 20 21 34 35 36 37 39 45
27 0 2 3 4 5 7 8 20 21 34 35 36 37 39 45
28 0 2 3 4 5 7 8 20 21 34 35 36 37 39 45
29 0 2 3 4 5 7 8 15 20 21 34 35 36 39 45
30 0 2 3 4 5 7 8 20 21 34 35 36 37 39 45
31 0 2 3 4 5 7 8 20 21 34 35 36 37 39 45
32 0 2 3 4 5 7 8 9 20 21 34 35 36 39 45
33 0 2 3 4 5 7 8 20 21 34 35 36 37 39 45
34 2 3 4 7 8 16 17 18 19 20 21 36 39 45 50
35 2 3 4 7 8 13 17 18 19 20 21 34 36 39 45
36 3 11 12 13 14 15 16 17 18 19 20 21 22 24 50
37 0 2 3 4 5 7 8 15 20 21 34 35 36 39 45
38 0 2 3 4 5 7 8 20 21 34 35 36 37 39 45
39 2 3 7 8 14 15 16 17 18 19 20 21 22 36 50
40 0 2 3 4 5 7 8 9 20 21 34 35 36 39 45
41 0 2 3 4 5 7 8 20 21 34 35 36 37 39 45
42 0 2 3 4 5 7 8 20 21 34 35 36 37 39 45
43 0 2 3 4 5 7 8 20 21 34 35 36 37 39 45
44 0 2 3 4 5 7 8 20 21 34 35 36 37 39 45
45 2 3 7 8 13 15 16 17 18 19 20 21 36 39 50
46 0 2 3 4 5 7 8 20 21 34 35 36 37 39 45
47 0 2 3 4 5 7 8 20 21 34 35 36 37 39 45
48 0 2 3 4 5 7 8 20 21 29 34 35 36 39 45
49 0 2 3 4 5 7 8 20 21 34 35 36 37 39 45
50 0 2 3 4 5 7 8 20 21 34 35 36 37 39 45
