0 1 3 7 12 14 19 20 22 24 29 34 39 43 46 49
1 7 12 13 14 15 16 17 18 19 20 21 24 29 46 49
2 1 3 4 7 12 14 19 22 24 29 34 39 43 46 49
3 1 7 12 14 16 17 18 19 22 24 29 34 43 46 49
4 1 3 7 12 14 17 19 22 24 29 34 39 43 46 49
5 4 7 12 14 19 22 24 29 30 31 34 36 39 43 46
6 1 3 4 7 12 14 19 22 24 29 34 39 43 46 49
7 12 13 14 15 16 17 18 19 20 21 22 24 29 46 50
8 2 3 11 14 22 24 25 26 30 31 34 40 41 45 46
9 1 3 7 12 14 19 20 22 24 29 34 39 43 46 49
10 4 7 11 12 14 19 20 22 23 24 25 31 32 39 50
11 1 3 4 7 12 14 19 22 24 29 34 39 43 46 49
12 10 11 12 13 14 15 16 17 18 19 20 21 22 24 50
13 1 3 4 7 12 14 19 22 24 29 34 39 43 46 49
14 1 7 12 14 15 16 17 18 19 20 21 24 29 46 49
15 1 3 7 12 14 19 20 22 24 29 34 41 43 46 49
16 0 3 4 11 18 22 25 27 36 38 39 40 46 48 49
17 4 7 12 14 20 22 24 25 29 32 41 43 46 49 50
18 1 3 4 7 12 14 19 22 24 29 34 39 43 46 49
19 7 12 13 14 15 16 17 18 19 20 21 22 24 29 46
20 1 3 4 7 12 14 19 22 24 29 34 39 43 46 49
21 1 3 4 7 12 14 22 24 29 30 34 39 40 41 50
22 1 7 12 14 15 16 17 19 24 29 34 43 46 49 50
23 1 3 4 7 12 14 19 22 24 29 34 39 43 46 49
24 10 11 12 13 14 15 16 17 18 19 20 21 22 24 50
25 1 3 4 7 12 14 19 22 24 29 34 39 43 46 49
26 1 3 4 7 12 14 19 22 24 29 34 39 43 46 49
27 1 3 4 7 12 14 19 22 24 29 34 39 43 46 49
28 1 3 4 7 12 14 19 22 24 29 34 39 43 46 49
29 10 11 12 13 14 15 16 17 18 19 20 21 22 24 50
30 1 3 4 7 12 14 19 22 24 29 34 39 43 46 49
31 1 3 4 7 12 14 19 22 24 29 34 39 43 46 49
32 1 3 4 7 12 14 19 22 24 29 34 39 43 46 49
33 1 3 4 7 12 14 19 22 24 29 34 39 43 46 49
34 1 7 12 14 15 16 17 18 19 20 21 24 29 46 49
35 2 7 9 11 18 22 24 25 34 37 40 42 43 44 49
36 1 3 4 7 12 14 19 22 24 29 34 39 43 46 49
37 1 3 7 12 14 19 20 22 24 29 34 41 43 46 49
38 1 3 4 7 12 14 19 22 24 29 34 39 43 46 49
39 1 3 7 12 14 17 18 19 22 24 29 34 43 46 49
40 1 3 4 7 12 14 19 22 24 29 34 39 43 46 49
41 1 3 4 7 12 14 19 22 24 29 34 39 43 46 49
42 1 3 4 7 12 14 19 22 24 29 34 39 43 46 49
43 1 7 12 14 15 16 17 18 19 20 24 29 34 46 49
44 1 3 4 7 12 14 19 22 24 29 34 39 43 46 49
45 1 3 4 7 12 14 19 22 24 29 34 39 43 46 49
46 11 12 13 14 15 16 17 18 19 20 21 22 24 29 50
47 1 3 5 8 13 18 20 21 24 25 29 31 34 43 50
48 1 3 7 12 14 19 22 24 25 29 34 39 43 46 49
49 7 12 13 14 15 16 17 18 19 20 21 22 24 29 46
50 1 3 4 7 12 14 19 22 24 29 34 39 43 46 49
