0 1 5 7 10 15 23 24 26 29 31 35 43 45 46 47
1 5 7 10 15 16 23 24 26 29 31 35 43 45 46 47
2 1 5 7 10 15 23 24 26 29 31 35 43 45 46 47
3 5 7 10 15 23 24 26 29 30 31 35 43 45 46 47
4 5 7 10 15 23 24 26 29 30 31 35 43 45 46 47
5 12 13 14 15 16 17 18 19 20 24 29 31 46 47 50
6 5 7 10 15 23 24 26 29 31 34 35 43 45 46 47
7 12 13 14 15 16 17 18 19 20 24 26 29 31 47 50
8 5 7 10 15 23 24 26 29 31 35 43 44 45 46 47
9 5 7 10 15 23 24 26 29 30 31 35 43 45 46 47
10 5 13 15 16 17 18 19 23 24 26 29 31 46 47 50
11 5 7 10 15 23 24 26 29 31 34 35 43 45 46 47
12 5 7 10 15 23 24 26 29 31 34 35 43 45 46 47
13 5 7 10 15 23 24 26 29 30 31 35 43 45 46 47
14 5 7 10 15 23 24 26 29 30 31 35 43 45 46 47
15 12 13 14 15 16 17 18 19 20 21 24 29 31 47 50
16 5 7 10 15 23 24 26 29 30 31 35 43 45 46 47
17 5 7 10 15 23 24 26 29 30 31 35 43 45 46 47
18 5 7 10 15 16 23 24 26 29 31 35 43 45 46 47
19 5 7 10 15 23 24 26 29 30 31 33 43 45 46 47
20 5 7 10 15 23 24 26 29 31 35 43 44 45 46 47
21 5 7 10 15 23 24 26 29 30 31 35 43 45 46 47
22 5 7 10 15 23 24 26 29 30 31 35 43 45 46 47
23 12 13 14 15 16 17 18 19 20 24 29 31 46 47 50
24 11 12 13 14 15 16 17 18 19 20 21 22 24 47 50
25 5 7 10 15 23 24 26 29 30 31 34 43 45 46 47
26 12 13 14 15 16 17 18 19 20 24 29 31 46 47 50
27 5 7 10 15 23 24 26 29 31 34 35 43 45 46 47
28 5 7 10 15 23 24 26 29 31 34 35 43 45 46 47
29 11 12 13 14 15 16 17 18 19 20 21 22 24 47 50
30 5 12 14 15 16 23 24 26 29 31 35 43 45 46 47
31 12 13 14 15 16 17 18 19 20 21 22 24 29 47 50
32 5 7 10 15 23 24 26 27 29 31 35 43 45 46 47
33 5 7 10 15 23 24 26 29 30 31 35 43 45 46 47
34 5 7 10 13 15 16 23 24 26 29 31 43 45 46 47
35 5 7 14 15 16 17 18 19 20 24 26 29 31 47 50
36 5 7 10 15 23 24 26 29 31 34 35 43 45 46 47
37 5 7 10 15 23 24 26 29 30 31 35 43 45 46 47
38 5 7 10 15 23 24 26 29 30 31 35 43 45 46 47
39 5 7 10 15 23 24 26 29 30 31 35 43 45 46 47
40 5 7 10 15 18 23 24 26 29 31 35 43 45 46 47
41 5 7 10 15 23 24 26 29 31 33 35 43 45 46 47
42 5 7 10 15 23 24 26 29 30 31 35 43 45 46 47
43 5 13 14 15 16 17 18 19 20 24 29 31 46 47 50
44 5 7 10 15 23 24 26 29 30 31 35 43 45 46 47
45 12 13 14 15 16 17 18 19 20 24 29 31 46 47 50
46 12 13 14 15 16 17 18 19 20 21 24 29 31 47 50
47 10 11 12 13 14 15 16 17 18 19 20 21 22 24 50
48 5 7 10 15 23 24 26 29 30 31 35 43 45 46 47
49 5 7 10 15 23 24 26 29 31 33 35 43 45 46 47
50 5 7 10 15 23 24 26 27 29 31 35 43 45 46 47
