0 1 13 15 17 19 22 31 37 38 39 61 64 65 66 67 68 69 74 75 86 92 93 101 105 109 111 115 119 124 126
1 15 22 33 35 36 37 38 39 40 41 42 43 44 45 46 47 48 49 50 61 64 65 66 67 68 69 75 105 111 126
2 1 13 15 17 19 22 31 37 38 39 61 64 65 66 67 68 69 74 75 86 91 92 93 101 105 109 111 119 124 126
3 1 13 15 17 22 31 37 38 39 61 64 65 66 67 68 69 74 75 86 91 92 93 101 105 109 111 115 119 124 126
4 1 13 15 17 22 31 37 38 39 61 64 65 66 67 68 69 74 75 86 91 92 93 101 105 109 111 115 119 124 126
5 1 13 15 17 19 22 31 37 38 39 61 64 65 66 67 68 69 74 75 86 91 92 93 101 105 109 111 119 124 126
6 1 13 15 17 19 22 31 37 38 39 61 64 65 66 67 68 69 74 75 86 91 92 93 101 105 109 111 119 124 126
7 1 13 15 17 22 31 37 38 39 61 64 65 66 67 68 69 74 75 86 91 92 93 101 105 109 111 115 119 124 126
8 1 12 13 15 17 19 22 31 37 38 39 61 64 65 66 67 68 69 75 86 92 93 101 105 109 111 115 119 124 126
9 1 13 15 17 19 22 31 37 38 39 61 64 65 66 67 68 69 74 75 86 92 93 101 105 109 111 115 119 124 126
10 1 12 13 15 17 19 22 31 37 38 39 61 64 65 66 67 68 69 74 75 86 92 93 101 105 109 111 119 124 126
11 1 13 15 17 19 22 31 37 38 39 61 64 65 66 67 68 69 74 75 86 92 93 101 105 109 111 115 119 124 126
12 1 13 15 17 22 31 37 38 39 40 61 64 65 66 67 68 69 74 75 86 92 93 101 105 109 111 115 119 124 126
13 1 15 17 22 31 35 36 37 38 39 46 52 61 64 65 66 67 68 69 75 86 92 93 101 105 109 111 119 124 126
14 1 13 15 17 19 22 31 37 38 39 61 64 65 66 67 68 69 74 75 86 92 93 101 105 109 111 115 119 124 126
15 31 33 34 35 36 37 38 39 40 41 42 43 44 45 46 47 48 49 50 51 52 53 54 55 56 66 67 68 111 126
16 1 13 15 17 19 22 31 37 38 39 61 64 65 66 67 68 69 74 75 86 92 93 101 105 109 111 115 119 124 126
17 1 15 22 31 36 37 38 39 40 41 42 43 44 45 46 47 48 61 64 65 66 67 68 69 75 101 105 111 124 126
18 1 13 15 17 19 22 31 37 38 39 61 64 65 66 67 68 69 74 75 86 92 93 101 105 109 111 115 119 124 126
19 1 13 15 17 22 31 36 37 38 39 40 52 61 64 65 66 67 68 69 75 86 92 93 101 105 109 111 119 124 126
20 1 13 15 17 19 22 31 37 38 39 61 64 65 66 67 68 69 75 86 91 92 93 101 105 109 111 115 119 124 126
21 1 12 13 15 17 19 22 31 37 38 39 61 64 65 66 67 68 69 75 86 91 92 93 101 105 109 111 119 124 126
22 15 35 36 37 38 39 40 41 42 43 44 45 46 47 50 51 52 53 54 56 61 64 65 66 67 68 75 105 111 126
23 1 12 13 15 17 22 31 37 38 39 61 64 65 66 67 68 69 74 75 86 92 93 101 105 109 111 115 119 124 126
24 1 12 13 15 17 19 22 31 37 38 39 61 64 65 66 67 68 69 75 86 91 92 93 101 105 109 111 119 124 126
25 1 12 13 15 17 22 31 37 38 39 61 64 65 66 67 68 69 74 75 86 91 92 93 101 105 109 111 119 124 126
26 1 12 13 15 17 22 31 37 38 39 61 64 65 66 67 68 69 74 75 86 91 92 93 101 105 109 111 119 124 126
27 1 13 15 17 19 22 31 37 38 39 61 64 65 66 67 68 69 74 75 86 92 93 101 105 109 111 115 119 124 126
28 1 13 15 17 19 22 31 37 38 39 61 64 65 66 67 68 69 74 75 86 92 93 101 105 109 111 115 119 124 126
29 1 13 15 17 19 22 31 37 38 39 61 64 65 66 67 68 69 74 75 86 91 92 93 101 105 109 111 119 124 126
30 1 13 15 17 19 22 31 37 38 39 61 64 65 66 67 68 69 74 75 86 92 93 101 105 109 111 115 119 124 126
31 1 15 22 34 36 37 38 39 40 41 42 43 44 45 46 47 48 49 50 61 64 65 66 67 68 69 75 105 111 126
32 1 12 13 15 17 19 22 31 37 38 39 61 64 65 66 67 68 69 75 86 92 93 101 105 109 111 115 119 124 126
33 1 12 13 15 17 19 22 31 37 38 39 61 64 65 66 67 68 69 74 75 86 92 93 101 105 109 111 119 124 126
34 1 13 15 17 19 22 31 37 38 39 61 64 65 66 67 68 69 74 75 86 92 93 101 105 109 111 115 119 124 126
35 1 12 13 15 17 19 22 31 37 38 39 61 64 65 66 67 68 69 74 75 86 92 93 101 105 109 111 119 124 126
36 1 13 15 17 19 22 31 37 38 39 61 64 65 66 67 68 69 75 86 91 92 93 101 105 109 111 115 119 124 126
37 1 15 17 22 31 36 37 38 39 40 41 42 43 44 45 48 61 64 65 66 67 68 69 75 86 101 105 111 124 126
38 31 33 34 35 36 37 38 39 40 41 42 43 44 45 46 47 48 49 50 51 52 53 54 55 56 57 58 59 60 126
39 33 34 35 36 37 38 39 40 41 42 43 44 45 46 47 48 49 50 51 52 53 54 55 56 57 58 61 67 68 126
40 1 13 15 17 19 22 31 37 38 39 61 64 65 66 67 68 69 74 75 86 91 92 93 101 105 109 111 119 124 126
41 1 13 15 17 19 22 31 37 38 39 61 64 65 66 67 68 69 75 86 91 92 93 101 105 109 111 115 119 124 126
42 1 12 13 15 17 19 22 31 37 38 39 61 64 65 66 67 68 69 74 75 86 92 93 101 105 109 111 119 124 126
43 1 12 13 15 17 19 22 31 37 38 39 61 64 65 66 67 68 69 75 86 92 93 101 105 109 111 115 119 124 126
44 1 13 15 17 19 22 31 37 38 39 61 64 65 66 67 68 69 74 75 86 92 93 101 105 109 111 115 119 124 126
45 1 13 15 17 19 22 31 37 38 39 61 64 65 66 67 68 69 75 86 91 92 93 101 105 109 111 115 119 124 126
46 1 13 15 17 19 22 31 37 38 39 61 64 65 66 67 68 69 74 75 86 92 93 101 105 109 111 115 119 124 126
47 1 13 15 17 19 22 31 37 38 39 61 64 65 66 67 68 69 74 75 86 92 93 101 105 109 111 115 119 124 126
48 1 12 13 15 17 19 22 31 37 38 39 61 64 65 66 67 68 69 74 75 86 92 93 101 105 109 111 119 124 126
49 1 13 15 17 19 22 31 37 38 39 61 64 65 66 67 68 69 74 75 86 92 93 101 105 109 111 115 119 124 126
50 1 13 15 17 22 31 37 38 39 61 64 65 66 67 68 69 74 75 86 91 92 93 101 105 109 111 115 119 124 126
51 1 13 15 17 19 22 31 37 38 39 61 64 65 66 67 68 69 74 75 86 92 93 101 105 109 111 115 119 124 126
52 1 13 15 17 19 22 31 37 38 39 61 64 65 66 67 68 69 74 75 86 92 93 101 105 109 111 115 119 124 126
53 1 12 13 15 17 19 22 31 37 38 39 61 64 65 66 67 68 69 75 86 91 92 93 101 105 109 111 119 124 126
54 1 13 15 17 19 22 31 37 38 39 61 64 65 66 67 68 69 74 75 86 91 92 93 101 105 109 111 119 124 126
55 1 13 15 17 19 22 31 37 38 39 61 64 65 66 67 68 69 74 75 86 91 92 93 101 105 109 111 119 124 126
56 1 13 15 17 19 22 31 37 38 39 61 64 65 66 67 68 69 74 75 86 92 93 101 105 109 111 115 119 124 126
57 1 13 15 17 22 31 37 38 39 61 64 65 66 67 68 69 74 75 86 91 92 93 101 105 109 111 115 119 124 126
58 1 13 15 17 19 22 31 37 38 39 61 64 65 66 67 68 69 74 75 86 91 92 93 101 105 109 111 119 124 126
59 1 12 13 15 17 19 22 31 37 38 39 61 64 65 66 67 68 69 74 75 86 92 93 101 105 109 111 119 124 126
60 1 13 15 17 19 22 31 37 38 39 61 64 65 66 67 68 69 74 75 86 92 93 101 105 109 111 115 119 124 126
61 15 33 35 36 37 38 39 40 41 42 43 44 45 46 47 48 49 50 51 55 56 57 64 65 66 67 68 75 111 126
62 1 13 15 17 22 31 37 38 39 61 64 65 66 67 68 69 74 75 86 91 92 93 101 105 109 111 115 119 124 126
63 1 13 15 17 19 22 31 37 38 39 61 64 65 66 67 68 69 74 75 86 91 92 93 101 105 109 111 119 124 126
64 15 32 34 35 36 37 38 39 40 41 42 43 44 45 46 47 48 49 50 51 55 56 57 58 65 66 67 68 111 126
65 15 32 34 35 36 37 38 39 40 41 42 43 44 45 46 47 48 49 50 51 52 53 54 55 56 66 67 68 111 126
66 31 33 34 35 36 37 38 39 40 41 42 43 44 45 46 47 48 49 50 51 52 53 54 55 56 57 67 68 111 126
67 33 34 35 36 37 38 39 40 41 42 43 44 45 46 47 48 49 50 51 52 53 54 55 56 57 58 59 62 68 126
68 31 33 34 35 36 37 38 39 40 41 42 43 44 45 46 47 48 49 50 51 52 53 54 55 56 57 58 59 60 126
69 15 22 33 35 36 37 38 39 40 41 42 43 44 45 46 47 48 49 50 51 61 64 65 66 67 68 75 105 111 126
70 1 13 15 17 19 22 31 37 38 39 61 64 65 66 67 68 69 75 86 91 92 93 101 105 109 111 115 119 124 126
71 1 13 15 17 19 22 31 37 38 39 61 64 65 66 67 68 69 74 75 86 91 92 93 101 105 109 111 119 124 126
72 1 13 15 17 19 22 31 37 38 39 61 64 65 66 67 68 69 74 75 86 91 92 93 101 105 109 111 119 124 126
73 1 13 15 17 19 22 31 37 38 39 61 64 65 66 67 68 69 74 75 86 91 92 93 101 105 109 111 119 124 126
74 1 13 15 17 22 31 36 37 38 39 40 52 61 64 65 66 67 68 69 75 86 92 93 101 105 109 111 119 124 126
75 15 32 34 35 36 37 38 39 40 41 42 43 44 45 46 47 48 49 50 51 55 56 57 64 65 66 67 68 111 126
76 1 13 15 17 19 22 31 37 38 39 61 64 65 66 67 68 69 74 75 86 92 93 101 105 109 111 115 119 124 126
77 1 13 15 17 19 22 31 37 38 39 61 64 65 66 67 68 69 74 75 86 92 93 101 105 109 111 115 119 124 126
78 1 12 13 15 17 19 22 31 37 38 39 61 64 65 66 67 68 69 74 75 86 92 93 101 105 109 111 119 124 126
79 1 13 15 17 19 22 31 37 38 39 61 64 65 66 67 68 69 75 86 91 92 93 101 105 109 111 115 119 124 126
80 1 13 15 17 19 22 31 37 38 39 61 64 65 66 67 68 69 74 75 86 91 92 93 101 105 109 111 119 124 126
81 1 13 15 17 22 31 37 38 39 61 64 65 66 67 68 69 74 75 86 91 92 93 101 105 109 111 115 119 124 126
82 1 13 15 17 19 22 31 37 38 39 61 64 65 66 67 68 69 74 75 86 92 93 101 105 109 111 115 119 124 126
83 1 12 13 15 17 19 22 31 37 38 39 61 64 65 66 67 68 69 74 75 86 92 93 101 105 109 111 119 124 126
84 1 13 15 17 19 22 31 37 38 39 61 64 65 66 67 68 69 75 86 91 92 93 101 105 109 111 115 119 124 126
85 1 13 15 17 22 31 37 38 39 61 64 65 66 67 68 69 74 75 86 91 92 93 101 105 109 111 115 119 124 126
86 1 15 17 22 31 36 37 38 39 40 41 42 43 44 45 46 48 61 64 65 66 67 68 69 75 101 105 111 124 126
87 1 13 15 17 19 22 31 37 38 39 61 64 65 66 67 68 69 74 75 86 91 92 93 101 105 109 111 119 124 126
88 1 12 13 15 17 22 31 37 38 39 61 64 65 66 67 68 69 74 75 86 91 92 93 101 105 109 111 119 124 126
89 1 13 15 17 22 31 37 38 39 61 64 65 66 67 68 69 74 75 86 91 92 93 101 105 109 111 115 119 124 126
90 1 13 15 17 19 22 31 37 38 39 61 64 65 66 67 68 69 74 75 86 92 93 101 105 109 111 115 119 124 126
91 1 13 15 17 22 31 37 38 39 40 51 61 64 65 66 67 68 69 74 75 86 92 93 101 105 109 111 119 124 126
92 1 15 17 22 31 36 37 38 39 40 41 42 43 44 45 48 61 64 65 66 67 68 69 75 86 101 105 111 124 126
93 1 15 17 22 31 36 37 38 39 40 41 42 43 44 45 48 61 64 65 66 67 68 69 75 86 101 105 111 124 126
94 1 13 15 17 19 22 31 37 38 39 61 64 65 66 67 68 69 74 75 86 92 93 101 105 109 111 115 119 124 126
95 1 13 15 17 19 22 31 37 38 39 61 64 65 66 67 68 69 74 75 86 92 93 101 105 109 111 115 119 124 126
96 1 13 15 17 22 31 37 38 39 61 64 65 66 67 68 69 74 75 86 91 92 93 101 105 109 111 115 119 124 126
97 1 13 15 17 19 22 31 37 38 39 61 64 65 66 67 68 69 74 75 86 92 93 101 105 109 111 115 119 124 126
98 1 13 15 17 22 31 37 38 39 61 64 65 66 67 68 69 74 75 86 91 92 93 101 105 109 111 115 119 124 126
99 1 13 15 17 19 22 31 37 38 39 61 64 65 66 67 68 69 74 75 86 92 93 101 105 109 111 115 119 124 126
100 1 13 15 17 19 22 31 37 38 39 61 64 65 66 67 68 69 75 86 91 92 93 101 105 109 111 115 119 124 126
101 1 9 14 15 22 31 38 39 42 43 44 45 46 47 48 49 50 51 52 61 64 65 66 67 68 69 75 105 111 126
102 1 13 15 17 22 31 37 38 39 61 64 65 66 67 68 69 74 75 86 91 92 93 101 105 109 111 115 119 124 126
103 1 13 15 17 19 22 31 37 38 39 61 64 65 66 67 68 69 75 86 91 92 93 101 105 109 111 115 119 124 126
104 1 13 15 17 19 22 31 37 38 39 61 64 65 66 67 68 69 74 75 86 92 93 101 105 109 111 115 119 124 126
105 15 33 35 36 37 38 39 40 41 42 43 44 45 46 47 48 49 50 51 55 56 57 64 65 66 67 68 75 111 126
106 1 13 15 17 19 22 31 37 38 39 61 64 65 66 67 68 69 74 75 86 91 92 93 101 105 109 111 119 124 126
107 1 13 15 17 19 22 31 37 38 39 61 64 65 66 67 68 69 74 75 86 92 93 101 105 109 111 115 119 124 126
108 1 12 13 15 17 19 22 31 37 38 39 61 64 65 66 67 68 69 74 75 86 92 93 101 105 109 111 119 124 126
109 1 15 17 22 31 35 36 37 38 39 40 41 47 61 64 65 66 67 68 69 75 86 92 93 101 105 111 119 124 126
110 1 13 15 17 19 22 31 37 38 39 61 64 65 66 67 68 69 74 75 86 91 92 93 101 105 109 111 119 124 126
111 33 34 35 36 37 38 39 40 41 42 43 44 45 46 47 48 49 50 51 52 53 54 55 56 57 58 61 67 68 126
112 1 12 13 15 17 22 31 37 38 39 61 64 65 66 67 68 69 74 75 86 92 93 101 105 109 111 115 119 124 126
113 1 12 13 15 17 19 22 31 37 38 39 61 64 65 66 67 68 69 74 75 86 92 93 101 105 109 111 119 124 126
114 1 13 15 17 19 22 31 37 38 39 61 64 65 66 67 68 69 74 75 86 91 92 93 101 105 109 111 119 124 126
115 1 13 15 17 19 22 31 37 38 39 40 61 64 65 66 67 68 69 74 75 86 92 93 101 105 109 111 119 124 126
116 1 13 15 17 19 22 31 37 38 39 61 64 65 66 67 68 69 74 75 86 91 92 93 101 105 109 111 119 124 126
117 1 13 15 17 22 31 37 38 39 61 64 65 66 67 68 69 74 75 86 91 92 93 101 105 109 111 115 119 124 126
118 1 12 13 15 17 22 31 37 38 39 61 64 65 66 67 68 69 75 86 91 92 93 101 105 109 111 115 119 124 126
119 1 15 17 22 31 36 37 38 39 40 41 42 43 44 45 48 61 64 65 66 67 68 69 75 86 101 105 111 124 126
120 1 13 15 17 19 22 31 37 38 39 61 64 65 66 67 68 69 74 75 86 91 92 93 101 105 109 111 119 124 126
121 1 12 13 15 17 22 31 37 38 39 61 64 65 66 67 68 69 74 75 86 91 92 93 101 105 109 111 119 124 126
122 1 13 15 17 19 22 31 37 38 39 61 64 65 66 67 68 69 74 75 86 92 93 101 105 109 111 115 119 124 126
123 1 13 15 17 19 22 31 37 38 39 61 64 65 66 67 68 69 74 75 86 91 92 93 101 105 109 111 119 124 126
124 1 15 22 31 34 36 37 38 39 40 41 42 43 44 45 46 47 48 61 64 65 66 67 68 69 75 101 105 111 126
125 1 12 13 15 17 22 31 37 38 39 61 64 65 66 67 68 69 74 75 86 92 93 101 105 109 111 115 119 124 126
126 33 34 35 36 37 38 39 40 41 42 43 44 45 46 47 48 49 50 51 52 53 54 55 56 57 58 61 67 68 126
