0 1 13 14 15 16 17 18 19 20 21 24 26 31 35 50
1 13 14 15 16 17 18 19 20 21 22 23 24 26 35 50
2 0 1 6 7 11 17 19 20 24 26 31 32 35 43 45
3 0 1 6 7 11 17 19 20 24 26 31 32 35 43 45
4 0 1 6 7 11 17 19 20 24 26 31 32 35 43 45
5 0 1 6 7 11 17 19 20 24 26 31 32 35 43 45
6 0 1 2 9 11 15 17 19 20 24 26 31 32 35 45
7 0 1 2 9 11 15 17 19 20 24 26 31 32 35 45
8 0 1 6 7 11 17 19 20 24 26 31 32 35 43 45
9 0 1 6 7 11 15 17 19 20 24 26 31 32 35 45
10 0 1 6 7 11 17 19 20 24 26 31 32 35 43 45
11 0 1 13 14 15 16 17 18 19 20 24 26 31 35 45
12 0 1 6 7 11 17 19 20 24 26 31 32 35 43 45
13 0 1 6 7 11 17 19 20 24 26 31 32 35 43 45
14 0 1 6 7 11 17 19 20 24 26 31 32 35 43 45
15 0 1 6 7 11 16 17 19 20 24 26 31 32 35 45
16 0 1 6 7 11 17 19 20 24 26 31 32 35 43 45
17 10 11 12 13 14 15 16 17 18 19 20 21 22 24 50
18 0 1 6 7 11 15 17 19 20 24 26 31 32 35 45
19 10 11 12 13 14 15 16 17 18 19 20 21 22 24 50
20 0 1 11 13 15 16 17 18 19 20 24 26 31 35 45
21 0 1 6 7 11 15 17 19 20 24 26 31 32 35 45
22 0 1 6 7 11 15 17 19 20 24 26 31 32 35 45
23 0 1 6 7 11 17 19 20 24 26 31 32 35 43 45
24 10 11 12 13 14 15 16 17 18 19 20 21 22 24 50
25 0 1 6 7 11 17 19 20 24 26 31 32 35 43 45
26 11 12 13 14 15 16 17 18 19 20 21 22 24 35 50
27 0 1 6 7 11 15 17 19 20 24 26 31 32 35 45
28 0 1 6 7 11 15 17 19 20 24 26 31 32 35 45
29 0 1 6 7 11 17 19 20 24 26 31 32 35 43 45
30 0 1 6 7 11 17 19 20 24 26 31 32 35 43 45
31 1 13 14 15 16 17 18 19 20 21 22 24 26 35 50
32 0 1 11 13 15 16 17 18 19 20 24 26 31 35 45
33 0 1 6 7 11 17 19 20 24 26 31 32 35 43 45
34 0 1 6 7 11 17 19 20 24 26 31 32 35 43 45
35 10 11 12 13 14 15 16 17 18 19 20 21 22 24 50
36 0 1 6 7 11 17 19 20 24 26 31 32 35 43 45
37 0 1 6 7 11 17 19 20 24 26 31 32 35 43 45
38 0 1 6 7 11 15 17 19 20 24 26 31 32 35 45
39 0 1 6 7 11 15 17 19 20 24 26 31 32 35 45
40 0 1 6 7 11 17 19 20 24 26 31 32 35 43 45
41 0 1 6 7 11 17 19 20 24 26 31 32 35 43 45
42 0 1 6 7 11 15 17 19 20 24 26 31 32 35 45
43 0 1 6 7 11 16 17 19 20 24 26 31 32 35 45
44 0 1 6 7 11 17 19 20 24 26 31 32 35 43 45
45 1 13 14 15 16 17 18 19 20 21 22 24 26 35 50
46 0 1 6 7 11 17 19 20 24 26 31 32 35 43 45
47 0 1 6 7 11 17 19 20 24 26 31 32 35 43 45
48 0 1 6 7 11 15 17 19 20 24 26 31 32 35 45
49 0 1 6 7 11 17 19 20 24 26 31 32 35 43 45
50 0 1 6 7 11 15 17 19 20 24 26 31 32 35 45
