0 2 8 9 13 16 22 28 32 35 37 39 40 42 56 59 75 78 80 81 85 92 99 100 103 105 106 110 113 114 116
1 2 8 9 13 16 22 28 32 35 37 39 40 42 56 59 75 78 80 81 85 92 99 100 103 105 106 110 113 114 116
2 9 31 33 34 35 36 37 38 39 40 41 42 43 44 45 46 47 48 49 50 51 56 78 81 85 92 103 113 114 126
3 2 8 9 13 16 22 28 32 35 37 39 40 42 56 59 75 78 80 81 85 92 99 100 103 105 106 110 113 114 116
4 2 8 9 13 16 22 28 32 35 37 39 40 42 56 59 75 78 80 81 85 92 99 100 103 105 106 110 113 114 116
5 2 8 9 13 16 22 28 32 35 37 39 40 42 56 59 75 78 80 81 85 92 99 100 103 105 106 110 113 114 116
6 2 8 9 13 16 22 28 32 35 37 39 40 42 56 59 75 78 80 81 85 92 99 100 103 105 106 110 113 114 116
7 2 8 9 13 16 22 28 32 35 37 39 40 42 56 59 75 78 80 81 85 92 99 100 103 105 106 110 113 114 116
8 2 9 28 32 34 35 36 37 38 39 40 41 42 43 44 45 46 47 48 49 50 56 78 81 85 92 103 113 114 126
9 31 33 34 35 36 37 38 39 40 41 42 43 44 45 46 47 48 49 50 51 52 53 54 56 78 81 85 103 114 126
10 2 8 9 13 16 22 28 32 35 37 39 40 42 56 59 75 78 80 81 85 92 99 100 103 105 106 110 113 114 116
11 2 8 9 13 16 22 28 32 35 37 39 40 42 56 59 75 78 80 81 85 92 99 100 103 105 106 110 113 114 116
12 2 8 9 13 16 22 28 32 35 37 39 40 42 56 59 75 78 80 81 85 92 99 100 103 105 106 110 113 114 116
13 1 2 3 4 5 8 9 22 28 35 37 38 39 40 41 42 43 44 56 59 75 78 81 85 92 103 110 113 114 116
14 2 8 9 13 16 22 28 32 35 37 39 40 42 56 59 75 78 80 81 85 92 99 100 103 105 106 110 113 114 116
15 2 8 9 13 16 22 28 32 35 37 39 40 42 56 59 75 78 80 81 85 92 99 100 103 105 106 110 113 114 116
16 2 8 9 13 22 28 32 35 36 37 38 39 40 41 42 43 45 56 59 75 78 80 81 85 92 103 110 113 114 116
17 2 8 9 13 16 22 28 32 35 37 39 40 42 56 59 75 78 80 81 85 92 99 100 103 105 106 110 113 114 116
18 2 8 9 13 16 22 28 32 35 37 39 40 42 56 59 75 78 80 81 85 92 99 100 103 105 106 110 113 114 116
19 2 8 9 13 16 22 28 32 35 37 39 40 42 56 59 75 78 80 81 85 92 99 100 103 105 106 110 113 114 116
20 2 8 9 13 16 22 28 32 35 37 39 40 42 56 59 75 78 80 81 85 92 99 100 103 105 106 110 113 114 116
21 2 8 9 13 16 22 28 32 35 37 39 40 42 56 59 75 78 80 81 85 92 99 100 103 105 106 110 113 114 116
22 2 8 9 28 33 35 36 37 38 39 40 41 42 43 44 45 46 47 48 49 50 56 78 81 85 92 103 113 114 126
23 2 8 9 13 16 22 28 32 35 37 39 40 42 56 59 75 78 80 81 85 92 99 100 103 105 106 110 113 114 116
24 2 8 9 13 16 22 28 32 35 37 39 40 42 56 59 75 78 80 81 85 92 99 100 103 105 106 110 113 114 116
25 2 8 9 13 16 22 28 32 35 37 39 40 42 56 59 75 78 80 81 85 92 99 100 103 105 106 110 113 114 116
26 2 8 9 13 16 22 28 32 35 37 39 40 42 56 59 75 78 80 81 85 92 99 100 103 105 106 110 113 114 116
27 2 8 9 13 16 22 28 32 35 37 39 40 42 56 59 75 78 80 81 85 92 99 100 103 105 106 110 113 114 116
28 2 9 32 34 35 36 37 38 39 40 41 42 43 44 45 46 47 48 49 50 51 56 78 81 85 92 103 113 114 126
29 2 8 9 13 16 22 28 32 35 37 39 40 42 56 59 75 78 80 81 85 92 99 100 103 105 106 110 113 114 116
30 2 8 9 13 16 22 28 32 35 37 39 40 42 56 59 75 78 80 81 85 92 99 100 103 105 106 110 113 114 116
31 2 8 9 13 16 22 28 32 35 37 39 40 42 56 59 75 78 80 81 85 92 99 100 103 105 106 110 113 114 116
32 1 2 3 4 8 9 13 22 28 35 37 38 39 40 41 42 43 45 56 59 75 78 81 85 92 103 110 113 114 116
33 2 8 9 13 16 22 28 32 35 37 39 40 42 56 59 75 78 80 81 85 92 99 100 103 105 106 110 113 114 116
34 2 8 9 13 16 22 28 32 35 37 39 40 42 56 59 75 78 80 81 85 92 99 100 103 105 106 110 113 114 116
35 31 33 34 35 36 37 38 39 40 41 42 43 44 45 46 47 48 49 50 51 52 53 54 55 56 57 58 59 60 126
36 2 8 9 13 16 22 28 32 35 37 39 40 42 56 59 75 78 80 81 85 92 99 100 103 105 106 110 113 114 116
37 31 33 34 35 36 37 38 39 40 41 42 43 44 45 46 47 48 49 50 51 52 53 54 55 56 57 58 59 60 126
38 2 8 9 13 16 22 28 32 35 37 39 40 42 56 59 75 78 80 81 85 92 99 100 103 105 106 110 113 114 116
39 2 8 9 22 28 33 35 36 37 38 39 40 41 42 43 44 45 46 47 48 49 56 78 81 85 92 103 113 114 126
40 31 33 34 35 36 37 38 39 40 41 42 43 44 45 46 47 48 49 50 51 52 53 54 55 56 57 81 85 103 126
41 2 8 9 13 16 22 28 32 35 37 39 40 42 56 59 75 78 80 81 85 92 99 100 103 105 106 110 113 114 116
42 2 8 9 13 22 28 32 35 36 37 38 39 40 41 42 43 45 56 59 75 78 80 81 85 92 103 110 113 114 116
43 2 8 9 13 16 22 28 32 35 37 39 40 42 56 59 75 78 80 81 85 92 99 100 103 105 106 110 113 114 116
44 2 8 9 13 16 22 28 32 35 37 39 40 42 56 59 75 78 80 81 85 92 99 100 103 105 106 110 113 114 116
45 2 8 9 13 16 22 28 32 35 37 39 40 42 56 59 75 78 80 81 85 92 99 100 103 105 106 110 113 114 116
46 2 8 9 13 16 22 28 32 35 37 39 40 42 56 59 75 78 80 81 85 92 99 100 103 105 106 110 113 114 116
47 2 8 9 13 16 22 28 32 35 37 39 40 42 56 59 75 78 80 81 85 92 99 100 103 105 106 110 113 114 116
48 2 8 9 13 16 22 28 32 35 37 39 40 42 56 59 75 78 80 81 85 92 99 100 103 105 106 110 113 114 116
49 2 8 9 13 16 22 28 32 35 37 39 40 42 56 59 75 78 80 81 85 92 99 100 103 105 106 110 113 114 116
50 2 8 9 13 16 22 28 32 35 37 39 40 42 56 59 75 78 80 81 85 92 99 100 103 105 106 110 113 114 116
51 2 8 9 13 16 22 28 32 35 37 39 40 42 56 59 75 78 80 81 85 92 99 100 103 105 106 110 113 114 116
52 2 8 9 13 16 22 28 32 35 37 39 40 42 56 59 75 78 80 81 85 92 99 100 103 105 106 110 113 114 116
53 2 8 9 13 16 22 28 32 35 37 39 40 42 56 59 75 78 80 81 85 92 99 100 103 105 106 110 113 114 116
54 2 8 9 13 16 22 28 32 35 37 39 40 42 56 59 75 78 80 81 85 92 99 100 103 105 106 110 113 114 116
55 2 8 9 13 16 22 28 32 35 37 39 40 42 56 59 75 78 80 81 85 92 99 100 103 105 106 110 113 114 116
56 33 34 35 36 37 38 39 40 41 42 43 44 45 46 47 48 49 50 51 52 53 54 55 56 57 58 59 62 81 126
57 2 8 9 13 16 22 28 32 35 37 39 40 42 56 59 75 78 80 81 85 92 99 100 103 105 106 110 113 114 116
58 2 8 9 13 16 22 28 32 35 37 39 40 42 56 59 75 78 80 81 85 92 99 100 103 105 106 110 113 114 116
59 2 8 9 22 28 33 35 36 37 38 39 40 41 42 43 44 45 46 47 48 49 56 78 81 85 92 103 113 114 126
60 2 8 9 13 16 22 28 32 35 37 39 40 42 56 59 75 78 80 81 85 92 99 100 103 105 106 110 113 114 116
61 2 8 9 13 16 22 28 32 35 37 39 40 42 56 59 75 78 80 81 85 92 99 100 103 105 106 110 113 114 116
62 2 8 9 13 16 22 28 32 35 37 39 40 42 56 59 75 78 80 81 82 85 92 99 103 105 106 110 113 114 116
63 2 8 9 13 16 22 28 32 35 37 39 40 42 56 59 75 78 80 81 85 92 99 100 103 105 106 110 113 114 116
64 2 8 9 13 16 22 28 32 35 37 39 40 42 56 59 75 78 80 81 85 92 99 100 103 105 106 110 113 114 116
65 2 8 9 13 16 22 28 32 35 37 39 40 42 56 59 75 78 80 81 85 92 99 100 103 105 106 110 113 114 116
66 2 8 9 13 16 22 28 32 35 37 39 40 42 56 59 75 78 80 81 85 92 99 100 103 105 106 110 113 114 116
67 2 8 9 13 16 22 28 32 35 37 39 40 42 56 59 75 78 80 81 85 92 99 100 103 105 106 110 113 114 116
68 2 8 9 13 16 22 28 32 35 37 39 40 42 56 59 75 78 80 81 85 92 99 100 103 105 106 110 113 114 116
69 2 8 9 13 16 22 28 32 35 37 39 40 42 56 59 75 78 80 81 85 92 99 100 103 105 106 110 113 114 116
70 2 8 9 13 16 22 28 32 35 37 39 40 42 56 59 75 78 80 81 85 92 99 100 103 105 106 110 113 114 116
71 2 8 9 13 16 22 28 32 35 37 39 40 42 56 59 75 78 80 81 85 92 99 100 103 105 106 110 113 114 116
72 2 8 9 13 16 22 28 32 35 37 39 40 42 56 59 75 78 80 81 85 92 99 100 103 105 106 110 113 114 116
73 2 8 9 13 16 22 28 32 35 37 39 40 42 56 59 75 78 80 81 85 92 99 100 103 105 106 110 113 114 116
74 2 8 9 13 16 22 28 32 35 37 39 40 42 56 59 75 78 80 81 85 92 99 100 103 105 106 110 113 114 116
75 2 8 9 22 28 34 35 36 37 38 39 40 41 42 43 44 46 47 48 49 56 59 78 81 85 92 103 113 114 126
76 2 8 9 13 16 22 28 32 35 37 39 40 42 56 59 75 78 80 81 85 92 99 100 103 105 106 110 113 114 116
77 2 8 9 13 16 22 28 32 35 37 39 40 42 56 59 75 78 80 81 85 92 99 100 103 105 106 110 113 114 116
78 31 33 34 35 36 37 38 39 40 41 42 43 44 45 46 47 48 49 50 51 52 53 54 55 56 57 81 85 103 126
79 2 8 9 13 16 22 28 32 35 37 39 40 42 56 59 75 78 80 81 85 92 99 100 103 105 106 110 113 114 116
80 1 2 3 4 8 9 13 22 28 35 37 38 39 40 41 42 43 45 56 59 75 78 81 85 92 103 110 113 114 116
81 31 33 34 35 36 37 38 39 40 41 42 43 44 45 46 47 48 49 50 51 52 53 54 55 56 57 58 59 60 126
82 2 8 9 13 16 22 28 32 35 37 39 40 42 56 59 75 78 80 81 85 92 99 100 103 105 106 110 113 114 116
83 2 8 9 13 16 22 28 32 35 37 39 40 42 56 59 75 78 80 81 85 92 99 100 103 105 106 110 113 114 116
84 2 8 9 13 16 22 28 32 35 37 39 40 42 56 59 75 78 80 81 85 92 99 100 103 105 106 110 113 114 116
85 33 34 35 36 37 38 39 40 41 42 43 44 45 46 47 48 49 50 51 52 53 54 55 56 57 58 59 62 81 126
86 2 8 9 13 16 22 28 32 35 37 39 40 42 56 59 75 78 80 81 85 92 99 100 103 105 106 110 113 114 116
87 2 8 9 13 16 22 28 32 35 37 39 40 42 56 59 75 78 80 81 85 92 99 100 103 105 106 110 113 114 116
88 2 8 9 13 16 22 28 32 35 37 39 40 42 56 59 75 78 80 81 85 92 99 100 103 105 106 110 113 114 116
89 2 8 9 13 16 22 28 32 35 37 39 40 42 56 59 75 78 80 81 85 92 99 100 103 105 106 110 113 114 116
90 2 8 9 13 16 22 28 32 35 37 39 40 42 56 59 75 78 80 81 85 92 99 100 103 105 106 110 113 114 116
91 2 8 9 13 16 22 28 32 35 37 39 40 42 56 59 75 78 80 81 85 92 99 100 103 105 106 110 113 114 116
92 9 31 33 34 35 36 37 38 39 40 41 42 43 44 45 46 47 48 49 50 51 52 56 78 81 85 103 113 114 126
93 2 8 9 13 16 22 28 32 35 37 39 40 42 56 59 75 78 80 81 85 92 99 100 103 105 106 110 113 114 116
94 2 8 9 13 16 22 28 32 35 37 39 40 42 56 59 75 78 80 81 85 92 99 100 103 105 106 110 113 114 116
95 2 8 9 13 16 22 28 32 35 37 39 40 42 56 59 75 78 80 81 85 92 99 100 103 105 106 110 113 114 116
96 2 8 9 13 16 22 28 32 35 37 39 40 42 56 59 75 78 80 81 85 92 99 100 103 105 106 110 113 114 116
97 2 8 9 13 16 22 28 32 35 37 39 40 42 56 59 75 78 80 81 85 92 99 100 103 105 106 110 113 114 116
98 2 8 9 13 16 22 28 32 35 37 39 40 42 56 59 75 78 80 81 85 92 99 100 103 105 106 110 113 114 116
99 2 8 9 13 16 22 28 32 35 36 37 39 40 42 54 56 59 75 78 80 81 85 92 103 105 106 110 113 114 116
100 2 8 9 13 16 22 28 32 35 36 37 39 40 42 54 56 59 75 78 80 81 85 92 103 105 106 110 113 114 116
101 2 8 9 13 16 22 28 32 35 37 39 40 42 56 59 75 78 80 81 85 92 99 100 103 105 106 110 113 114 116
102 2 8 9 13 16 22 28 32 35 37 39 40 42 56 59 75 78 80 81 85 92 99 100 103 105 106 110 113 114 116
103 33 34 35 36 37 38 39 40 41 42 43 44 45 46 47 48 49 50 51 52 53 54 55 56 57 58 61 81 85 126
104 2 8 9 13 16 22 28 32 35 37 39 40 42 56 59 75 78 80 81 85 92 99 100 103 105 106 110 113 114 116
105 2 8 9 13 22 28 32 35 36 37 38 39 40 41 42 43 45 56 59 75 78 80 81 85 92 103 110 113 114 116
106 2 8 9 13 16 22 28 32 35 37 39 40 41 42 43 44 50 56 59 75 78 80 81 85 92 103 110 113 114 116
107 2 8 9 13 16 22 28 32 35 37 39 40 42 56 59 75 78 80 81 82 85 92 99 103 105 106 110 113 114 116
108 2 8 9 13 16 22 28 32 35 37 39 40 42 56 59 75 78 80 81 85 92 99 100 103 105 106 110 113 114 116
109 2 8 9 13 16 22 28 32 35 37 39 40 42 56 59 75 78 80 81 85 92 99 100 103 105 106 110 113 114 116
110 2 8 9 22 28 34 35 36 37 38 39 40 41 42 43 44 46 47 48 49 56 59 78 81 85 92 103 113 114 126
111 2 8 9 13 16 22 25 28 32 35 37 39 40 45 56 59 75 78 80 81 85 92 99 100 103 106 110 113 114 116
112 2 8 9 13 16 22 28 32 35 37 39 40 42 56 59 75 78 80 81 85 92 99 100 103 105 106 110 113 114 116
113 9 32 34 35 36 37 38 39 40 41 42 43 44 45 46 47 48 49 50 51 52 53 54 56 78 81 85 103 114 126
114 31 33 34 35 36 37 38 39 40 41 42 43 44 45 46 47 48 49 50 51 52 53 54 55 56 78 81 85 103 126
115 2 8 9 13 16 22 28 32 35 37 39 40 42 56 59 75 78 80 81 85 92 99 100 103 105 106 110 113 114 116
116 2 3 4 5 8 9 14 22 28 35 37 38 39 40 41 42 43 44 46 56 59 75 78 81 85 92 103 110 113 114
117 2 8 9 13 16 22 28 32 35 37 39 40 42 56 59 75 78 80 81 85 92 99 100 103 105 106 110 113 114 116
118 2 8 9 13 16 22 28 32 35 37 39 40 42 56 59 75 78 80 81 85 92 99 100 103 105 106 110 113 114 116
119 2 8 9 13 16 22 28 32 35 37 39 40 42 56 59 75 78 80 81 85 92 99 100 103 105 106 110 113 114 116
120 2 8 9 13 16 22 28 32 35 37 39 40 42 56 59 75 78 80 81 85 92 99 100 103 105 106 110 113 114 116
121 2 8 9 13 16 22 28 32 35 37 39 40 42 56 59 75 78 80 81 85 92 99 100 103 105 106 110 113 114 116
122 2 8 9 13 16 22 28 32 35 37 39 40 42 56 59 75 78 80 81 85 92 99 100 103 105 106 110 113 114 116
123 2 8 9 13 16 22 28 32 35 37 39 40 42 56 59 75 78 80 81 85 92 99 100 103 105 106 110 113 114 116
124 2 8 9 13 16 22 28 32 35 37 39 40 42 56 59 75 78 80 81 85 92 99 100 103 105 106 110 113 114 116
125 2 8 9 13 16 22 28 32 35 37 39 40 42 56 59 75 78 80 81 85 92 99 100 103 105 106 110 113 114 116
126 2 8 9 13 16 22 28 32 35 37 39 40 42 56 59 75 78 80 81 85 92 99 100 103 105 106 110 113 114 116
