0 2 3 5 9 12 14 17 20 21 25 28 36 39 41 49
1 2 3 5 9 12 14 17 20 21 25 28 36 39 41 49
2 3 9 12 14 15 16 17 18 19 20 21 22 23 25 49
3 10 11 12 13 14 15 16 17 18 19 20 21 22 24 50
4 2 3 5 9 12 14 17 20 21 25 28 36 39 41 49
5 2 3 9 12 14 17 20 21 25 28 33 36 39 41 49
6 2 3 9 12 14 17 20 21 25 28 33 36 39 41 49
7 2 3 5 9 12 14 17 20 21 25 28 36 39 41 49
8 2 3 9 12 14 17 20 21 25 28 33 36 39 41 49
9 2 3 12 14 15 16 17 18 19 20 21 22 23 25 49
10 2 3 5 9 12 14 17 20 21 25 28 36 39 41 49
11 2 3 5 9 12 14 17 20 21 25 28 36 39 41 49
12 10 11 12 13 14 15 16 17 18 19 20 21 22 24 50
13 2 3 9 12 14 17 20 21 25 28 33 36 39 41 49
14 2 3 5 6 9 12 17 18 19 20 21 22 23 25 49
15 2 3 9 12 14 17 20 21 25 28 33 36 39 41 49
16 2 3 9 12 14 17 20 21 25 28 33 36 39 41 49
17 2 3 5 9 12 14 16 18 19 20 21 22 23 25 49
18 2 3 5 9 12 14 17 20 21 25 28 36 39 41 49
19 2 3 9 12 14 17 20 21 25 28 33 36 39 41 49
20 2 3 5 9 12 14 16 17 19 20 21 22 23 25 49
21 1 2 3 9 12 14 15 17 19 20 21 25 28 36 49
22 2 3 9 12 14 17 20 21 25 28 33 36 39 41 49
23 2 3 5 9 12 14 17 20 21 25 28 36 39 41 49
24 2 3 5 9 12 14 17 20 21 25 28 36 39 41 49
25 2 3 12 13 14 15 16 17 18 19 20 21 22 23 49
26 2 3 9 12 14 17 20 21 25 28 33 36 39 41 49
27 2 3 5 9 12 14 17 20 21 25 28 36 39 41 49
28 2 3 8 9 12 14 16 17 19 20 21 22 25 36 49
29 2 3 9 12 14 17 20 21 25 28 33 36 39 41 49
30 2 3 9 12 14 17 20 21 25 28 33 36 39 41 49
31 2 3 5 9 12 14 17 20 21 25 28 36 39 41 49
32 2 3 9 12 14 17 20 21 25 28 33 36 39 41 49
33 2 3 9 10 12 14 17 20 21 25 28 36 39 41 49
34 2 3 9 12 14 17 20 21 25 28 33 36 39 41 49
35 2 3 5 9 12 14 17 20 21 25 28 36 39 41 49
36 2 3 5 9 12 14 16 17 19 20 21 22 23 25 49
37 2 3 5 9 12 14 17 20 21 25 28 33 36 41 49
38 2 3 9 12 14 17 20 21 25 28 33 36 39 41 49
39 2 3 9 10 12 14 17 20 21 22 25 28 36 41 49
40 2 3 9 12 14 17 20 21 25 28 33 36 39 41 49
41 1 2 3 9 12 14 15 17 19 20 21 25 28 36 49
42 2 3 9 12 14 17 20 21 25 28 33 36 39 41 49
43 2 3 9 12 14 17 20 21 25 28 33 36 39 41 49
44 2 3 9 12 14 17 20 21 25 28 33 36 39 41 49
45 2 3 9 12 14 17 20 21 25 28 33 36 39 41 49
46 2 3 9 12 14 17 20 21 25 28 33 36 39 41 49
47 2 3 5 9 12 14 17 20 21 25 28 36 39 41 49
48 2 3 9 12 14 17 20 21 25 28 33 36 39 41 49
49 3 11 12 13 14 15 16 17 18 19 20 21 22 24 50
50 2 3 9 12 14 17 20 21 25 28 33 36 39 41 49
