109
110
112
987
2003
2004
2005
2491
2492
2951
2952
2953
2954
2955
3127
3128
3129
3168
3172
3173
3174
3175
3176
3456
3457
3491
4579
4620
4921
4922
4923
4924
4925
4926
4927
4928
4929
4930
4931
4932
4933
4934
4935
4936
4937
4938
4939
4940
4941
4942
4943
4945
4946
4947
4948
4949
4950
4951
4961
4962
4963
4964
4965
4966
4967
4968
4969
6264
6265
6266
6267
6268
6269
6270
6271
6272
6273
6283
6284
6285
6286
6287
6288
6289
6290
6291
6292
6293
6294
6295
6296
6297
6298
6299
6300
6301
6302
6303
6762
6763
6764
6765
6766
6767
6769
6803
6804
6805
6806
6807
6808
6809
6810
6811
7735
7740
7742
7743
7766
7772
7773
7774
7775
7776
7777
7778
7779
7780
7781
7782
7783
7784
7857
7858
7859
7860
7861
7862
7863
7864
7865
7866
7867
7868
7869
7870
7871
7872
7873
7874
7875
7876
7877
7878
7879
7880
7881
7882
7883
7884
7885
7886
7887
7888
7889
7890
7891
7892
7893
7894
7895
7896
7897
7898
7899
7900
7901
7902
7903
7904
7905
7906
8578
8579
8580
8581
8582
8731
8889
8890
8891
8892
8893
8896
8898
8900
8901
8902
8903
8905
8906
8908
8909
8910
8913
8914
8915
8916
8917
8918
8919
8920
8921
8922
8923
8924
8925
8926
8927
8928
8929
8930
8931
8932
8933
8934
8936
8937
8938
8954
9357
9366
9370
9376
9378
9385
9387
9389
9397
9842
9855
9856
9860
9863
10001
10002
10003
10004
10005
10016
10017
10018
10019
10020
10021
10022
10028
10278
11146
11148
11161
11162
11163
11164
11165
11166
11167
11168
11170
11171
11173
11174
11175
11176
11177
11179
11181
11182
11183
11184
11185
11186
11187
11188
11189
11190
11192
11193
11195
11196
11197
11198
11199
11200
11203
11204
11501
11504
11724
11726
11729
11736
11745
11748
11754
11756
11758
11760
11761
11763
11765
11907
11908
11909
11910
11911
11914
11915
11922
11925
11930
11931
11932
11933
11934
11935
11936
11937
11938
12212
12213
12215
12220
12231
12380
12381
12382
12383
12384
12391
12396
12412
12883
12884
12888
12889
12892
12893
12896
12907
12911
12912
12914
12918
12920
12921
12923
12924
12925
12926
12927
12928
12929
12930
13200
13201
13301
13307
13312
13541
13542
13547
13548
13550
13551
13553
13554
13555
13556
13557
13560
13561
13562
13563
13565
13566
13569
13570
13571
13572
13573
13574
13575
13576
13577
13581
13582
13589
13731
13732
13733
13734
13735
13736
13737
13738
13739
13740
13741
13742
13743
13744
13751
13752
13754
13758
13759
13760
13764
14118
14119
14120
14121
14127
14129
14133
14134
14139
14158
14163
14164
14165
14711
14713
14714
14715
14716
14717
14718
14719
14720
14721
14722
14723
14724
14725
14726
14727
14728
14729
14730
14731
14732
14733
14734
14735
14736
14737
14738
14739
14740
14741
14742
14784
14785
14866
15042
15043
15044
15045
15046
15113
15150
15151
15152
15153
15154
15155
15156
15157
15158
15159
15160
15161
15162
15163
15164
15185
15186
15187
15188
15189
15190
16191
16204
16534
16535
16536
16537
16538
16539
16540
16541
16542
16543
16544
16545
16546
16547
16548
16549
16550
16551
16552
16553
16554
16555
16556
16557
16558
16559
16560
16561
16562
16563
16564
16565
16566
16570
16571
16572
16573
16574
16924
16925
16926
16927
16928
16929
16930
16931
16932
16933
16934
16935
16936
16937
16938
16939
16940
16941
16942
16943
16944
16945
16946
16947
16948
16949
16950
16951
16952
16953
16954
16955
16956
16957
16958
16959
16960
16961
16962
16963
16964
16965
16966
